{
    "Live":  0.0000000000029601,
    "Minute":  0.00000000000333954085237332,
    "Minute_Fluctuation":  0.021471843161329333,
    "Minute_5":  0.00000000000339035925253109,
    "Minute_5_Fluctuation":  0.0084449824986922335,
    "Minute_10":  0.00000000000339773291839332,
    "Minute_10_Fluctuation":  0.0052065641864135516,
    "Hour":  0.0000000000034042831051632,
    "Hour_Fluctuation":  0.0015242114059459896,
    "Day":  0.00000000000340570654818803,
    "Day_Fluctuation":  0.2355307286404951,
    "Week":  0.00000000000340563411758333,
    "Week_Fluctuation":  0.46092998078333636,
    "Updated":  "\/Date(1518113467186)\/"
}
