{
    "Live":  0.0000000000131274,
    "Minute":  0.0000000000143038483807646,
    "Minute_Fluctuation":  0.021578618319389224,
    "Minute_5":  0.0000000000144523164083394,
    "Minute_5_Fluctuation":  0.010426005328988271,
    "Minute_10":  0.0000000000144844133830507,
    "Minute_10_Fluctuation":  0.0065269138330365361,
    "Hour":  0.0000000000145165019460117,
    "Hour_Fluctuation":  0.0022350125878744347,
    "Day":  0.000000000014524037974648,
    "Day_Fluctuation":  0.23557575920571969,
    "Week":  0.0000000000145235245321058,
    "Week_Fluctuation":  0.46093647969095858,
    "Updated":  "\/Date(1518113467846)\/"
}
