{
    "Live":  0.0000000000071082,
    "Minute":  0.00000000000759556562581666,
    "Minute_Fluctuation":  0.020415332106528003,
    "Minute_5":  0.00000000000766597896404626,
    "Minute_5_Fluctuation":  0.0055008791366149895,
    "Minute_10":  0.00000000000768217829284657,
    "Minute_10_Fluctuation":  0.0028359052340787118,
    "Hour":  0.00000000000769856957524827,
    "Hour_Fluctuation":  0.00047748418276880966,
    "Day":  0.00000000000770204489802698,
    "Day_Fluctuation":  0.23543565047226667,
    "Week":  0.00000000000770217766288677,
    "Week_Fluctuation":  0.46091829768910364,
    "Updated":  "\/Date(1518113468987)\/"
}
