{
    "Live":  0.0000000000190278,
    "Minute":  0.0000000000198900048263724,
    "Minute_Fluctuation":  0.010148337716620638,
    "Minute_5":  0.0000000000199916980291142,
    "Minute_5_Fluctuation":  0.0026537544942962293,
    "Minute_10":  0.0000000000200125184264983,
    "Minute_10_Fluctuation":  0.0013586754372096051,
    "Hour":  0.0000000000200330939597057,
    "Hour_Fluctuation":  0.00023035620872592004,
    "Day":  0.0000000000200374082769863,
    "Day_Fluctuation":  0.23544391564896838,
    "Week":  0.0000000000200375724581277,
    "Week_Fluctuation":  0.4609174973715085,
    "Updated":  "\/Date(1518113467040)\/"
}
