{
    "Live":  0.0000000000308583,
    "Minute":  0.0000000000290912013559808,
    "Minute_Fluctuation":  0.020313240786862478,
    "Minute_5":  0.000000000028824838755473,
    "Minute_5_Fluctuation":  0.00556441993182851,
    "Minute_10":  0.0000000000287644922654659,
    "Minute_10_Fluctuation":  0.0029213543888191519,
    "Hour":  0.0000000000287036592309139,
    "Hour_Fluctuation":  0.00051582139587576779,
    "Day":  0.0000000000286908045838789,
    "Day_Fluctuation":  0.2354363185003428,
    "Week":  0.0000000000286902903768124,
    "Week_Fluctuation":  0.460918270689084,
    "Updated":  "\/Date(1518113469357)\/"
}
