{
    "Live":  0.0000000000003069,
    "Minute":  0.000000000000206162360027446,
    "Minute_Fluctuation":  0.1364041847549988,
    "Minute_5":  0.000000000000194062192524263,
    "Minute_5_Fluctuation":  0.042194986246916324,
    "Minute_10":  0.00000000000019138588648963,
    "Minute_10_Fluctuation":  0.023109911947214692,
    "Hour":  0.000000000000188694472174021,
    "Hour_Fluctuation":  0.0038918272442996643,
    "Day":  0.000000000000188126404719979,
    "Day_Fluctuation":  0.235611367490415,
    "Week":  0.000000000000188103893296227,
    "Week_Fluctuation":  0.46094530716685089,
    "Updated":  "\/Date(1518113467434)\/"
}
