{
    "Live":  0.0000000000035046,
    "Minute":  0.00000000000326239450027097,
    "Minute_Fluctuation":  0.025750652334492224,
    "Minute_5":  0.00000000000322691033111967,
    "Minute_5_Fluctuation":  0.007237897127137129,
    "Minute_10":  0.00000000000321832573070075,
    "Minute_10_Fluctuation":  0.0038211621693253692,
    "Hour":  0.00000000000320955405041776,
    "Hour_Fluctuation":  0.00070710928104053886,
    "Day":  0.00000000000320769346450715,
    "Day_Fluctuation":  0.23544579634585339,
    "Week":  0.00000000000320761459061401,
    "Week_Fluctuation":  0.46091963248610907,
    "Updated":  "\/Date(1518113469326)\/"
}
