{
    "Live":  0.0000000000000817542,
    "Minute":  0.0000000000000805953727886746,
    "Minute_Fluctuation":  0.0041368100599508319,
    "Minute_5":  0.000000000000080423135414757,
    "Minute_5_Fluctuation":  0.0011225531182240144,
    "Minute_10":  0.0000000000000803890210325305,
    "Minute_10_Fluctuation":  0.00060301830310431127,
    "Hour":  0.0000000000000803556628269622,
    "Hour_Fluctuation":  0.00010752495264618328,
    "Day":  0.0000000000000803486747864965,
    "Day_Fluctuation":  0.23541994873280769,
    "Week":  0.0000000000000803484356770706,
    "Week_Fluctuation":  0.460916062824916,
    "Updated":  "\/Date(1518113468726)\/"
}
