{
    "Live":  0.0000000000000693,
    "Minute":  0.000000000000231573338574089,
    "Minute_Fluctuation":  0.19981154078585339,
    "Minute_5":  0.000000000000255300598910726,
    "Minute_5_Fluctuation":  0.052812720005742796,
    "Minute_10":  0.000000000000260677758910791,
    "Minute_10_Fluctuation":  0.026926396780459487,
    "Hour":  0.000000000000266100778848324,
    "Hour_Fluctuation":  0.004549604428778057,
    "Day":  0.000000000000267249229082522,
    "Day_Fluctuation":  0.23560492696353058,
    "Week":  0.000000000000267292742698066,
    "Week_Fluctuation":  0.46094241947597958,
    "Updated":  "\/Date(1518113469049)\/"
}
