{
    "Live":  0.0000000000000301752,
    "Minute":  0.0000000000000157226908133768,
    "Minute_Fluctuation":  0.34135405030218,
    "Minute_5":  0.0000000000000136608805734489,
    "Minute_5_Fluctuation":  0.091802729843258921,
    "Minute_10":  0.0000000000000131993726436358,
    "Minute_10_Fluctuation":  0.047681356540727665,
    "Hour":  0.000000000000012734982053242,
    "Hour_Fluctuation":  0.0082019577305200084,
    "Day":  0.0000000000000126367422499869,
    "Day_Fluctuation":  0.24481376642133462,
    "Week":  0.0000000000000126330206865262,
    "Week_Fluctuation":  0.46344220618582205,
    "Updated":  "\/Date(1518113468757)\/"
}
