{
    "Live":  0.0000000000212553,
    "Minute":  0.0000000000192860310462431,
    "Minute_Fluctuation":  0.032757640295090679,
    "Minute_5":  0.0000000000190022652966837,
    "Minute_5_Fluctuation":  0.00896355989401821,
    "Minute_10":  0.0000000000189382640538643,
    "Minute_10_Fluctuation":  0.0046977955126061982,
    "Hour":  0.0000000000188737656233173,
    "Hour_Fluctuation":  0.00082369850110431526,
    "Day":  0.0000000000188601349386892,
    "Day_Fluctuation":  0.23544988481659074,
    "Week":  0.0000000000188595942778124,
    "Week_Fluctuation":  0.46092029658451872,
    "Updated":  "\/Date(1518113468885)\/"
}
