{
    "Live":  0.0000000000105633,
    "Minute":  0.00000000000787945800449669,
    "Minute_Fluctuation":  0.069628723115024271,
    "Minute_5":  0.00000000000747842482935093,
    "Minute_5_Fluctuation":  0.029053673182241398,
    "Minute_10":  0.0000000000074312593639931,
    "Minute_10_Fluctuation":  0.018426374055976941,
    "Hour":  0.00000000000739312531436217,
    "Hour_Fluctuation":  0.0048031627691065316,
    "Day":  0.00000000000738664638303884,
    "Day_Fluctuation":  0.23569452354256742,
    "Week":  0.00000000000738568479717211,
    "Week_Fluctuation":  0.46095324970961926,
    "Updated":  "\/Date(1518113467710)\/"
}
