{
    "Live":  0.000000000002574,
    "Minute":  0.0000000000024734590929838,
    "Minute_Fluctuation":  0.00863981123877869,
    "Minute_5":  0.0000000000024579745399952,
    "Minute_5_Fluctuation":  0.006766815585708328,
    "Minute_10":  0.00000000000245646454023783,
    "Minute_10_Fluctuation":  0.00461323149059481,
    "Hour":  0.00000000000245537442211117,
    "Hour_Fluctuation":  0.0012398305833450486,
    "Day":  0.00000000000245511772424869,
    "Day_Fluctuation":  0.23550240079872847,
    "Week":  0.00000000000245517794038726,
    "Week_Fluctuation":  0.46092568908849374,
    "Updated":  "\/Date(1518113467605)\/"
}
