{
    "Live":  0.000000000000099,
    "Minute":  0.000000000000131533176009009,
    "Minute_Fluctuation":  0.074785328446738589,
    "Minute_5":  0.000000000000136236215029846,
    "Minute_5_Fluctuation":  0.020418206574291289,
    "Minute_10":  0.000000000000137296281553439,
    "Minute_10_Fluctuation":  0.010685573456003454,
    "Hour":  0.000000000000138364377808707,
    "Hour_Fluctuation":  0.0020368057645701976,
    "Day":  0.000000000000138591809107695,
    "Day_Fluctuation":  0.23550874925313195,
    "Week":  0.000000000000138599036352385,
    "Week_Fluctuation":  0.46092873867760387,
    "Updated":  "\/Date(1518113468916)\/"
}
