{
    "Live":  0.0000000000029106,
    "Minute":  0.00000000000159085000126301,
    "Minute_Fluctuation":  0.30624523054014963,
    "Minute_5":  0.0000000000014022206311302,
    "Minute_5_Fluctuation":  0.082725883227395575,
    "Minute_10":  0.00000000000135946920275257,
    "Minute_10_Fluctuation":  0.042961800818715243,
    "Hour":  0.00000000000131633882381688,
    "Hour_Fluctuation":  0.0073888927962374035,
    "Day":  0.00000000000130720429947415,
    "Day_Fluctuation":  0.23572495165678267,
    "Week":  0.00000000000130685784240172,
    "Week_Fluctuation":  0.46095961646810663,
    "Updated":  "\/Date(1518113468821)\/"
}
