{
    "Live":  0.0000000000023859,
    "Minute":  0.00000000000204605101408782,
    "Minute_Fluctuation":  0.056014299921306729,
    "Minute_5":  0.00000000000199572825323818,
    "Minute_5_Fluctuation":  0.015089207662187918,
    "Minute_10":  0.00000000000198425183816459,
    "Minute_10_Fluctuation":  0.0078002460629873751,
    "Hour":  0.0000000000019726642591393,
    "Hour_Fluctuation":  0.0013433228498142651,
    "Day":  0.00000000000197021022325301,
    "Day_Fluctuation":  0.2354711983807424,
    "Week":  0.00000000000197011594467396,
    "Week_Fluctuation":  0.46092328338682004,
    "Updated":  "\/Date(1518113469200)\/"
}
