{
    "Live":  0.0000000000184635,
    "Minute":  0.0000000000203802627897128,
    "Minute_Fluctuation":  0.030495542245046414,
    "Minute_5":  0.0000000000206637548826008,
    "Minute_5_Fluctuation":  0.008534504755213149,
    "Minute_10":  0.0000000000207290839002745,
    "Minute_10_Fluctuation":  0.0045366749838564356,
    "Hour":  0.0000000000207951879168253,
    "Hour_Fluctuation":  0.000857211940866645,
    "Day":  0.0000000000208092899406285,
    "Day_Fluctuation":  0.23545315593401614,
    "Week":  0.000000000020809739626523,
    "Week_Fluctuation":  0.46092070895751441,
    "Updated":  "\/Date(1518113469230)\/"
}
