{
    "Live":  0.0000000000164043,
    "Minute":  0.0000000000194522437019819,
    "Minute_Fluctuation":  0.039455541512633509,
    "Minute_5":  0.0000000000198073584369682,
    "Minute_5_Fluctuation":  0.017847796005342795,
    "Minute_10":  0.0000000000198880893911234,
    "Minute_10_Fluctuation":  0.010888608379997495,
    "Hour":  0.0000000000199697833247174,
    "Hour_Fluctuation":  0.002379390888157328,
    "Day":  0.0000000000199864315125688,
    "Day_Fluctuation":  0.23554742925315952,
    "Week":  0.000000000019987759428982,
    "Week_Fluctuation":  0.46093226646477659,
    "Updated":  "\/Date(1518113467259)\/"
}
