{
    "Live":  0.0000000000010494,
    "Minute":  0.00000000000204632271680273,
    "Minute_Fluctuation":  0.14560864498030374,
    "Minute_5":  0.00000000000219231313670862,
    "Minute_5_Fluctuation":  0.038881084173176213,
    "Minute_10":  0.00000000000222578027213704,
    "Minute_10_Fluctuation":  0.019939933305725736,
    "Hour":  0.0000000000022596116506048,
    "Hour_Fluctuation":  0.0034012815373942952,
    "Day":  0.00000000000226678661856771,
    "Day_Fluctuation":  0.23555746480200124,
    "Week":  0.00000000000226705562728202,
    "Week_Fluctuation":  0.4609356273864712,
    "Updated":  "\/Date(1518113469108)\/"
}
