{
    "Live":  0.0000000000009999,
    "Minute":  0.000000000000455117134136712,
    "Minute_Fluctuation":  0.31875214444164313,
    "Minute_5":  0.000000000000380756181126683,
    "Minute_5_Fluctuation":  0.089267596064427385,
    "Minute_10":  0.000000000000369179008227743,
    "Minute_10_Fluctuation":  0.04969734373650736,
    "Hour":  0.000000000000358628779528966,
    "Hour_Fluctuation":  0.009522394430025137,
    "Day":  0.000000000000356529707349005,
    "Day_Fluctuation":  0.23588142812915167,
    "Week":  0.000000000000356422671702154,
    "Week_Fluctuation":  0.46098214351312256,
    "Updated":  "\/Date(1518113467573)\/"
}
