{
    "Live":  0.00000000012969,
    "Minute":  0.0000000000937265972589562,
    "Minute_Fluctuation":  0.10515633452095156,
    "Minute_5":  0.0000000000891159649498643,
    "Minute_5_Fluctuation":  0.028043229754701485,
    "Minute_10":  0.0000000000881696032230875,
    "Minute_10_Fluctuation":  0.014564109912795197,
    "Hour":  0.000000000087234936530133,
    "Hour_Fluctuation":  0.0026956435052467396,
    "Day":  0.0000000000870372469802522,
    "Day_Fluctuation":  0.2355837143775629,
    "Week":  0.0000000000870315341543336,
    "Week_Fluctuation":  0.46093799041105293,
    "Updated":  "\/Date(1518113467814)\/"
}
