{
    "Live":  0.0000000000102069,
    "Minute":  0.0000000000149562101756766,
    "Minute_Fluctuation":  0.092212587800335866,
    "Minute_5":  0.0000000000154381154904238,
    "Minute_5_Fluctuation":  0.0323312123903057,
    "Minute_10":  0.0000000000155862121577579,
    "Minute_10_Fluctuation":  0.0179446718452829,
    "Hour":  0.000000000015744519227133,
    "Hour_Fluctuation":  0.0036210549573251426,
    "Day":  0.0000000000157783262412539,
    "Day_Fluctuation":  0.23560966212762638,
    "Week":  0.0000000000157801892426858,
    "Week_Fluctuation":  0.46094124872304776,
    "Updated":  "\/Date(1518113467153)\/"
}
