{
    "Live":  0.0000000000160182,
    "Minute":  0.0000000000135599414501217,
    "Minute_Fluctuation":  0.06294651624042201,
    "Minute_5":  0.0000000000131892112709714,
    "Minute_5_Fluctuation":  0.016978850935262961,
    "Minute_10":  0.0000000000131039719238711,
    "Minute_10_Fluctuation":  0.00877741230243066,
    "Hour":  0.0000000000130177846002944,
    "Hour_Fluctuation":  0.0015066786533085093,
    "Day":  0.000000000012999516065085,
    "Day_Fluctuation":  0.23547754066504212,
    "Week":  0.0000000000129988175539464,
    "Week_Fluctuation":  0.46092414551577188,
    "Updated":  "\/Date(1518113469418)\/"
}
