{
    "Live":  0.0000000000202257,
    "Minute":  0.0000000000191519762465673,
    "Minute_Fluctuation":  0.016352043683750504,
    "Minute_5":  0.0000000000190313903645388,
    "Minute_5_Fluctuation":  0.008549674202687034,
    "Minute_10":  0.0000000000189992559690877,
    "Minute_10_Fluctuation":  0.0053535050135340512,
    "Hour":  0.0000000000189657246433714,
    "Hour_Fluctuation":  0.0016512863193169631,
    "Day":  0.0000000000189576632424064,
    "Day_Fluctuation":  0.23556510887084697,
    "Week":  0.0000000000189582456312783,
    "Week_Fluctuation":  0.4609365124503233,
    "Updated":  "\/Date(1518113467537)\/"
}
