{
    "Live":  0.0000000002845458,
    "Minute":  0.000000000149401423378879,
    "Minute_Fluctuation":  0.24338418780012852,
    "Minute_5":  0.000000000132075173171206,
    "Minute_5_Fluctuation":  0.062976513544452481,
    "Minute_10":  0.000000000128924927677383,
    "Minute_10_Fluctuation":  0.032947033845487472,
    "Hour":  0.000000000125909504974798,
    "Hour_Fluctuation":  0.0073462401546676628,
    "Day":  0.000000000125298840241267,
    "Day_Fluctuation":  0.23587343385516396,
    "Week":  0.000000000125263050556957,
    "Week_Fluctuation":  0.46097921153310395,
    "Updated":  "\/Date(1518113467402)\/"
}
