{
    "Live":  0.0000000000126918,
    "Minute":  0.0000000000149334167614071,
    "Minute_Fluctuation":  0.0455003291919439,
    "Minute_5":  0.0000000000152539054091672,
    "Minute_5_Fluctuation":  0.012665385675406975,
    "Minute_10":  0.000000000015325864926467,
    "Minute_10_Fluctuation":  0.0067313812816738568,
    "Hour":  0.0000000000153983205938594,
    "Hour_Fluctuation":  0.0012697838109485789,
    "Day":  0.0000000000154137413406107,
    "Day_Fluctuation":  0.23547203276497145,
    "Week":  0.0000000000154142336954342,
    "Week_Fluctuation":  0.46092349825531792,
    "Updated":  "\/Date(1518113468790)\/"
}
