{
    "Live":  0.0000000000022077,
    "Minute":  0.000000000013342173394452,
    "Minute_Fluctuation":  0.18647218738495397,
    "Minute_5":  0.000000000014738438216794,
    "Minute_5_Fluctuation":  0.067264007803727321,
    "Minute_10":  0.0000000000150270302602117,
    "Minute_10_Fluctuation":  0.039176370210836323,
    "Hour":  0.0000000000153125982199892,
    "Hour_Fluctuation":  0.0079301828931023551,
    "Day":  0.0000000000153739067453079,
    "Day_Fluctuation":  0.23582584741305371,
    "Week":  0.0000000000153747968048009,
    "Week_Fluctuation":  0.46097476546238475,
    "Updated":  "\/Date(1518113467642)\/"
}
