{
    "Live":  0.0000000000026433,
    "Minute":  0.00000000000443992726158727,
    "Minute_Fluctuation":  0.13422899130240418,
    "Minute_5":  0.00000000000480350078069828,
    "Minute_5_Fluctuation":  0.049770589822606653,
    "Minute_10":  0.00000000000480027291329347,
    "Minute_10_Fluctuation":  0.027101746836915207,
    "Hour":  0.00000000000477836216444439,
    "Hour_Fluctuation":  0.0061411861353811636,
    "Day":  0.00000000000477151817821774,
    "Day_Fluctuation":  0.23579599942145207,
    "Week":  0.00000000000477169227843839,
    "Week_Fluctuation":  0.460968228947784,
    "Updated":  "\/Date(1518113467743)\/"
}
