{
    "Live":  0.0000000000001683,
    "Minute":  0.0000000000000256471169176914,
    "Minute_Fluctuation":  11673.633414022803,
    "Minute_5":  0.0000000000000079925581409677,
    "Minute_5_Fluctuation":  132261.70537367463,
    "Minute_10":  0.0000000000000043674223172272,
    "Minute_10_Fluctuation":  88419.124235372932,
    "Hour":  0.0000000000000007846471270887,
    "Hour_Fluctuation":  18299.638017955684,
    "Day":  0.0000000000000000331699600866,
    "Day_Fluctuation":  795.25338017600438,
    "Week":  0.0000000000000000047411225359,
    "Week_Fluctuation":  115.99396607442253,
    "Updated":  "\/Date(1518113467504)\/"
}
