{
    "Live":  0.0000000000000068508,
    "Minute":  0.0000000000000038876939830903,
    "Minute_Fluctuation":  0.20314375256652795,
    "Minute_5":  0.0000000000000035328782369675,
    "Minute_5_Fluctuation":  0.056334452129966087,
    "Minute_10":  0.0000000000000034615134701842,
    "Minute_10_Fluctuation":  0.02986441440887682,
    "Hour":  0.0000000000000033913111788549,
    "Hour_Fluctuation":  0.0061866806360482566,
    "Day":  0.000000000000003376821480001,
    "Day_Fluctuation":  0.23576047888082957,
    "Week":  0.0000000000000033760635531772,
    "Week_Fluctuation":  0.4609629571622253,
    "Updated":  "\/Date(1518113467114)\/"
}
