{
    "Live":  0.0000000000001782,
    "Minute":  0.000000000000136126265244398,
    "Minute_Fluctuation":  0.078599154389902712,
    "Minute_5":  0.000000000000130999805172534,
    "Minute_5_Fluctuation":  0.027164756957098114,
    "Minute_10":  0.000000000000129956533916275,
    "Minute_10_Fluctuation":  0.015608687707695058,
    "Hour":  0.000000000000128927500828699,
    "Hour_Fluctuation":  0.0035970254520360512,
    "Day":  0.000000000000128718642440975,
    "Day_Fluctuation":  0.23562574925411736,
    "Week":  0.000000000000128703712200269,
    "Week_Fluctuation":  0.46094353620495776,
    "Updated":  "\/Date(1518113467293)\/"
}
