{
    "Live":  0.0000000003183444,
    "Minute":  0.000000000333960109522803,
    "Minute_Fluctuation":  0.026367052849946174,
    "Minute_5":  0.000000000338017545364416,
    "Minute_5_Fluctuation":  0.019094638462470236,
    "Minute_10":  0.000000000337621995116386,
    "Minute_10_Fluctuation":  0.012086093109606474,
    "Hour":  0.000000000336935310105114,
    "Hour_Fluctuation":  0.0024417186224714844,
    "Day":  0.000000000336751763214229,
    "Day_Fluctuation":  0.23555267395108995,
    "Week":  0.000000000336755832610651,
    "Week_Fluctuation":  0.46093458118189978,
    "Updated":  "\/Date(1518113467468)\/"
}
