{
    "Live":  0.0000000002841003,
    "Minute":  0.000000000292728936916055,
    "Minute_Fluctuation":  0.0093737161888603378,
    "Minute_5":  0.000000000293999752753135,
    "Minute_5_Fluctuation":  0.0026125258684689041,
    "Minute_10":  0.000000000294284415413153,
    "Minute_10_Fluctuation":  0.0013922345799609963,
    "Hour":  0.000000000294570767513749,
    "Hour_Fluctuation":  0.0002613676570198543,
    "Day":  0.000000000294631674981705,
    "Day_Fluctuation":  0.23542647509181494,
    "Week":  0.000000000294633633389409,
    "Week_Fluctuation":  0.46091691950130326,
    "Updated":  "\/Date(1518113469078)\/"
}
