{
    "Live":  0.0000000000005247,
    "Minute":  0.00000000000052470010745268,
    "Minute_Fluctuation":  0.0016058842387153068,
    "Minute_5":  0.000000000000524950603710471,
    "Minute_5_Fluctuation":  0.00084956133053331749,
    "Minute_10":  0.00000000000052485737572063,
    "Minute_10_Fluctuation":  0.00050192216131585891,
    "Hour":  0.000000000000524731106595094,
    "Hour_Fluctuation":  7.219179108029906E-05,
    "Day":  0.000000000000524701117208085,
    "Day_Fluctuation":  0.23541943632444326,
    "Week":  0.000000000000524700131601624,
    "Week_Fluctuation":  0.46091608228454195,
    "Updated":  "\/Date(1518113469261)\/"
}
