{
    "Live":  0.0000000000080487,
    "Minute":  0.00000000000805709229700926,
    "Minute_Fluctuation":  0.0022659542424515859,
    "Minute_5":  0.00000000000806323608933795,
    "Minute_5_Fluctuation":  0.0020316909179789993,
    "Minute_10":  0.00000000000806155165881972,
    "Minute_10_Fluctuation":  0.0013108319884345093,
    "Hour":  0.00000000000805917541751639,
    "Hour_Fluctuation":  0.00021858433491971186,
    "Day":  0.00000000000805855823828105,
    "Day_Fluctuation":  0.23549194135122514,
    "Week":  0.00000000000805858596443922,
    "Week_Fluctuation":  0.46092963868054443,
    "Updated":  "\/Date(1518113467369)\/"
}
