{
    "Live":  0.0000000000173745,
    "Minute":  0.0000000000231986940723205,
    "Minute_Fluctuation":  0.079011403832353611,
    "Minute_5":  0.0000000000240493986210918,
    "Minute_5_Fluctuation":  0.021189705371884637,
    "Minute_10":  0.0000000000242473580680458,
    "Minute_10_Fluctuation":  0.010865468364849997,
    "Hour":  0.0000000000244480925115712,
    "Hour_Fluctuation":  0.0018682151548928671,
    "Day":  0.0000000000244906842191518,
    "Day_Fluctuation":  0.23549383251346412,
    "Week":  0.000000000024492322558511,
    "Week_Fluctuation":  0.46092652884183277,
    "Updated":  "\/Date(1518113469139)\/"
}
