{
    "Live":  0.0000000000152856,
    "Minute":  0.0000000000318966754776843,
    "Minute_Fluctuation":  0.1144786148786803,
    "Minute_5":  0.0000000000340986470086513,
    "Minute_5_Fluctuation":  0.032159274472750937,
    "Minute_10":  0.0000000000345042470646755,
    "Minute_10_Fluctuation":  0.01728569747347794,
    "Hour":  0.0000000000348937092806267,
    "Hour_Fluctuation":  0.004522833273328768,
    "Day":  0.0000000000349775300949575,
    "Day_Fluctuation":  0.23575437169576019,
    "Week":  0.0000000000349773335747862,
    "Week_Fluctuation":  0.46096344515681692,
    "Updated":  "\/Date(1518113467780)\/"
}
