{
    "Live":  0.0000000001908324,
    "Minute":  0.00000000010338026771362,
    "Minute_Fluctuation":  0.32041132526500415,
    "Minute_5":  0.0000000000906311849792069,
    "Minute_5_Fluctuation":  0.086463202319565585,
    "Minute_10":  0.000000000087744362682077,
    "Minute_10_Fluctuation":  0.044920525853105631,
    "Hour":  0.0000000000848332910767616,
    "Hour_Fluctuation":  0.0077341956315261908,
    "Day":  0.0000000000842168169979641,
    "Day_Fluctuation":  0.23573941000504126,
    "Week":  0.0000000000841934864697851,
    "Week_Fluctuation":  0.46096164553124847,
    "Updated":  "\/Date(1518113469016)\/"
}
