{
    "Live":  0.0000000000055638,
    "Minute":  0.000000000006614013377524,
    "Minute_Fluctuation":  0.050972824793748275,
    "Minute_5":  0.00000000000677071327445213,
    "Minute_5_Fluctuation":  0.013637578446550586,
    "Minute_10":  0.00000000000680656435275312,
    "Minute_10_Fluctuation":  0.007008504584996288,
    "Hour":  0.00000000000684278287318789,
    "Hour_Fluctuation":  0.0012043248782264088,
    "Day":  0.00000000000685045523590326,
    "Day_Fluctuation":  0.23546537159501507,
    "Week":  0.00000000000685075010320691,
    "Week_Fluctuation":  0.46092243263424293,
    "Updated":  "\/Date(1518113469291)\/"
}
