{
    "Live":  0.0000000000792,
    "Minute":  0.0000000000742968496764484,
    "Minute_Fluctuation":  0.023714516453875817,
    "Minute_5":  0.0000000000735899184336053,
    "Minute_5_Fluctuation":  0.0066659590287563054,
    "Minute_10":  0.000000000073409131055719,
    "Minute_10_Fluctuation":  0.0034805561881010856,
    "Hour":  0.0000000000732224565831527,
    "Hour_Fluctuation":  0.00065480071518777606,
    "Day":  0.0000000000731823233489762,
    "Day_Fluctuation":  0.23544409227193408,
    "Week":  0.0000000000731809895039952,
    "Week_Fluctuation":  0.46091937824804413,
    "Updated":  "\/Date(1518113469388)\/"
}
