{
    "Live":  0.0000000000087912,
    "Minute":  0.0000000000161585188348477,
    "Minute_Fluctuation":  0.13043365349176692,
    "Minute_5":  0.0000000000172075277246521,
    "Minute_5_Fluctuation":  0.034679450015682352,
    "Minute_10":  0.0000000000174423716085836,
    "Minute_10_Fluctuation":  0.017779531706200898,
    "Hour":  0.000000000017678701692249,
    "Hour_Fluctuation":  0.0030368721950884007,
    "Day":  0.0000000000177287212385611,
    "Day_Fluctuation":  0.23554310820848218,
    "Week":  0.0000000000177305920947024,
    "Week_Fluctuation":  0.46093366496801058,
    "Updated":  "\/Date(1518113468694)\/"
}
