{
    "Live":  0.0000000000006534,
    "Minute":  0.00000000000057810468710023,
    "Minute_Fluctuation":  0.036202811847903568,
    "Minute_5":  0.000000000000565144176435101,
    "Minute_5_Fluctuation":  0.0099440023010143128,
    "Minute_10":  0.000000000000564475358361044,
    "Minute_10_Fluctuation":  0.0050435632134001049,
    "Hour":  0.000000000000564293844493804,
    "Hour_Fluctuation":  0.001116085989940346,
    "Day":  0.000000000000564311134502544,
    "Day_Fluctuation":  0.23551281784279554,
    "Week":  0.000000000000564302995296369,
    "Week_Fluctuation":  0.46092827299256345,
    "Updated":  "\/Date(1518113467677)\/"
}
