{
    "Live":  0.0000000000001192059,
    "Minute":  0.000000000000103551945550132,
    "Minute_Fluctuation":  0.034504677849784789,
    "Minute_5":  0.00000000000010163319411184,
    "Minute_5_Fluctuation":  0.013824000463839668,
    "Minute_10":  0.000000000000101277291306282,
    "Minute_10_Fluctuation":  0.0083196599321418482,
    "Hour":  0.000000000000100934574777856,
    "Hour_Fluctuation":  0.0016610519009093913,
    "Day":  0.000000000000100861385136741,
    "Day_Fluctuation":  0.23553491673595456,
    "Week":  0.000000000000100860891392363,
    "Week_Fluctuation":  0.46093340102476704,
    "Updated":  "\/Date(1518113467077)\/"
}
