{
    "Live":  0.0000000000286308,
    "Minute":  0.0000000000267493227942314,
    "Minute_Fluctuation":  0.030420918798430424,
    "Minute_5":  0.0000000000264031704436334,
    "Minute_5_Fluctuation":  0.010376810563108921,
    "Minute_10":  0.0000000000263196142358469,
    "Minute_10_Fluctuation":  0.00624780150916831,
    "Hour":  0.0000000000262344341829811,
    "Hour_Fluctuation":  0.0017411386678106309,
    "Day":  0.0000000000262171492833972,
    "Day_Fluctuation":  0.23551447105941009,
    "Week":  0.0000000000262156110038846,
    "Week_Fluctuation":  0.46092917206039885,
    "Updated":  "\/Date(1518113471746)\/"
}
