{
    "Live":  0.0000000000006138,
    "Minute":  0.000000000000807065339380999,
    "Minute_Fluctuation":  0.096869312539535748,
    "Minute_5":  0.000000000000841985386209941,
    "Minute_5_Fluctuation":  0.026214932302517,
    "Minute_10":  0.000000000000850566020589234,
    "Minute_10_Fluctuation":  0.013489976852312364,
    "Hour":  0.000000000000859345058565021,
    "Hour_Fluctuation":  0.0022998724271531415,
    "Day":  0.00000000000086121714486269,
    "Day_Fluctuation":  0.23550791217360978,
    "Week":  0.000000000000861288156035342,
    "Week_Fluctuation":  0.4609281471303035,
    "Updated":  "\/Date(1518113471622)\/"
}
