{
    "Live":  0.0000000000080586,
    "Minute":  0.00000000000749347909073786,
    "Minute_Fluctuation":  0.028562820274925987,
    "Minute_5":  0.00000000000740506435421802,
    "Minute_5_Fluctuation":  0.0090492050514163966,
    "Minute_10":  0.00000000000738315571749729,
    "Minute_10_Fluctuation":  0.0051810179082381232,
    "Hour":  0.00000000000736067758056285,
    "Hour_Fluctuation":  0.0010990214648609045,
    "Day":  0.00000000000735578648976271,
    "Day_Fluctuation":  0.23548754167231109,
    "Week":  0.00000000000735569779839552,
    "Week_Fluctuation":  0.46092783844793755,
    "Updated":  "\/Date(1518113470297)\/"
}
