{
    "Live":  0.0000000003188097,
    "Minute":  0.000000000321851112679477,
    "Minute_Fluctuation":  0.018691215806093855,
    "Minute_5":  0.000000000320903773222718,
    "Minute_5_Fluctuation":  0.011071418114565012,
    "Minute_10":  0.00000000032155374083481,
    "Minute_10_Fluctuation":  0.007448283768567536,
    "Hour":  0.00000000032239400027275,
    "Hour_Fluctuation":  0.0016863416914031364,
    "Day":  0.000000000322581188492507,
    "Day_Fluctuation":  0.23551853657985622,
    "Week":  0.000000000322597202270291,
    "Week_Fluctuation":  0.46093259627711547,
    "Updated":  "\/Date(1518113470362)\/"
}
