{
    "Live":  0.0000000001724085,
    "Minute":  0.000000000135743203675791,
    "Minute_Fluctuation":  0.10089088364833411,
    "Minute_5":  0.000000000129842268453166,
    "Minute_5_Fluctuation":  0.030702595069382818,
    "Minute_10":  0.000000000128502160712201,
    "Minute_10_Fluctuation":  0.017405339977957523,
    "Hour":  0.00000000012715106606849,
    "Hour_Fluctuation":  0.004585466580422505,
    "Day":  0.000000000126875179938595,
    "Day_Fluctuation":  0.2356934351801093,
    "Week":  0.000000000126854093936279,
    "Week_Fluctuation":  0.46095523669407573,
    "Updated":  "\/Date(1518113470236)\/"
}
