{
    "Live":  0.0000000000102267,
    "Minute":  0.0000000000144193494224192,
    "Minute_Fluctuation":  0.096295908357417567,
    "Minute_5":  0.0000000000150852870305331,
    "Minute_5_Fluctuation":  0.02738985673508159,
    "Minute_10":  0.0000000000152370778670205,
    "Minute_10_Fluctuation":  0.014796940098169032,
    "Hour":  0.000000000015390255755144,
    "Hour_Fluctuation":  0.0027570867435338219,
    "Day":  0.0000000000154225411992157,
    "Day_Fluctuation":  0.23554140419928365,
    "Week":  0.0000000000154239379366862,
    "Week_Fluctuation":  0.46093468690428813,
    "Updated":  "\/Date(1518113470107)\/"
}
