{
    "Live":  0.0000000000190179,
    "Minute":  0.0000000000188099735705957,
    "Minute_Fluctuation":  0.0038497432957545832,
    "Minute_5":  0.0000000000187772829352801,
    "Minute_5_Fluctuation":  0.0015982690306087411,
    "Minute_10":  0.0000000000187698099271984,
    "Minute_10_Fluctuation":  0.0010623766527233843,
    "Hour":  0.0000000000187622633845147,
    "Hour_Fluctuation":  0.00046527842810319413,
    "Day":  0.0000000000187609306194433,
    "Day_Fluctuation":  0.23544916803597257,
    "Week":  0.0000000000187606034893941,
    "Week_Fluctuation":  0.46092011796121407,
    "Updated":  "\/Date(1518113470011)\/"
}
