{
    "Live":  0.0000000000330363,
    "Minute":  0.0000000000358172943226218,
    "Minute_Fluctuation":  0.023681130969543971,
    "Minute_5":  0.0000000000363327188335432,
    "Minute_5_Fluctuation":  0.0057322425976734448,
    "Minute_10":  0.0000000000364209579901385,
    "Minute_10_Fluctuation":  0.002947038750904598,
    "Hour":  0.0000000000365037389619791,
    "Hour_Fluctuation":  0.0009568274347093095,
    "Day":  0.0000000000365215929604322,
    "Day_Fluctuation":  0.2354936302648038,
    "Week":  0.0000000000365213169834337,
    "Week_Fluctuation":  0.4609269946827293,
    "Updated":  "\/Date(1518113470692)\/"
}
