{
    "Live":  0.0000000002085435,
    "Minute":  0.000000000165696153379995,
    "Minute_Fluctuation":  0.10276759025193555,
    "Minute_5":  0.000000000157068022493346,
    "Minute_5_Fluctuation":  0.025950907597949466,
    "Minute_10":  0.000000000155431251651413,
    "Minute_10_Fluctuation":  0.0134583740620196,
    "Hour":  0.000000000153851848578672,
    "Hour_Fluctuation":  0.0023784950525305906,
    "Day":  0.000000000153524689076545,
    "Day_Fluctuation":  0.2355147012502587,
    "Week":  0.00000000015351168259005,
    "Week_Fluctuation":  0.46092910529039122,
    "Updated":  "\/Date(1518113471777)\/"
}
