{
    "Live":  0.0000000005675274,
    "Minute":  0.000000000684614729384362,
    "Minute_Fluctuation":  0.067963236982806527,
    "Minute_5":  0.000000000705752194155483,
    "Minute_5_Fluctuation":  0.018465831860791072,
    "Minute_10":  0.00000000071077978774113,
    "Minute_10_Fluctuation":  0.0095852349797918776,
    "Hour":  0.000000000715891806186346,
    "Hour_Fluctuation":  0.0016619890594775863,
    "Day":  0.00000000071697788447695,
    "Day_Fluctuation":  0.23548201845661262,
    "Week":  0.000000000717020086419044,
    "Week_Fluctuation":  0.46092448313389578,
    "Updated":  "\/Date(1518113471463)\/"
}
