{
    "Live":  0.0000000000022077,
    "Minute":  0.0000000000129926054731457,
    "Minute_Fluctuation":  0.26241248215047375,
    "Minute_5":  0.0000000000147705229983343,
    "Minute_5_Fluctuation":  0.078068145967828448,
    "Minute_10":  0.0000000000151823475069012,
    "Minute_10_Fluctuation":  0.043572938329507982,
    "Hour":  0.0000000000155992198192548,
    "Hour_Fluctuation":  0.0075518240011865929,
    "Day":  0.0000000000156879196114988,
    "Day_Fluctuation":  0.23575556458051825,
    "Week":  0.0000000000156910220046824,
    "Week_Fluctuation":  0.46097118661085074,
    "Updated":  "\/Date(1518113470564)\/"
}
