{
    "Live":  0.0000000000013464,
    "Minute":  0.00000000000479327678468896,
    "Minute_Fluctuation":  0.42246355715425837,
    "Minute_5":  0.00000000000617597404952603,
    "Minute_5_Fluctuation":  0.1962550010568119,
    "Minute_10":  0.00000000000600713773218213,
    "Minute_10_Fluctuation":  0.10672194334314614,
    "Hour":  0.00000000000573371189619748,
    "Hour_Fluctuation":  0.018239330822666346,
    "Day":  0.0000000000056660041028928,
    "Day_Fluctuation":  0.23636308393840424,
    "Week":  0.00000000000566327423277113,
    "Week_Fluctuation":  0.46107112630132646,
    "Updated":  "\/Date(1518113470660)\/"
}
