{
    "Live":  0.0000000028074321,
    "Minute":  0.00000000313327174842914,
    "Minute_Fluctuation":  0.03053658031160628,
    "Minute_5":  0.00000000319331442508571,
    "Minute_5_Fluctuation":  0.0088162287733577864,
    "Minute_10":  0.00000000320330953135502,
    "Minute_10_Fluctuation":  0.0051650069302941791,
    "Hour":  0.00000000321260673539429,
    "Hour_Fluctuation":  0.001673254250222864,
    "Day":  0.0000000032143731901886,
    "Day_Fluctuation":  0.23552749560923786,
    "Week":  0.0000000032145723301279,
    "Week_Fluctuation":  0.46093128798045735,
    "Updated":  "\/Date(1518113470534)\/"
}
