{
    "Live":  0.0000000000202257,
    "Minute":  0.0000000000209072529601202,
    "Minute_Fluctuation":  0.008527311240275082,
    "Minute_5":  0.0000000000210398410347046,
    "Minute_5_Fluctuation":  0.0036661762725664271,
    "Minute_10":  0.0000000000210579283564477,
    "Minute_10_Fluctuation":  0.0026462857092282781,
    "Hour":  0.0000000000210735897296549,
    "Hour_Fluctuation":  0.0011825264632483925,
    "Day":  0.0000000000210757886322371,
    "Day_Fluctuation":  0.23553229433172107,
    "Week":  0.0000000000210767746369602,
    "Week_Fluctuation":  0.46093477760727941,
    "Updated":  "\/Date(1518113470500)\/"
}
