{
    "Live":  0.0000000000105633,
    "Minute":  0.00000000000806410526156998,
    "Minute_Fluctuation":  0.12277352865288552,
    "Minute_5":  0.00000000000765016023896536,
    "Minute_5_Fluctuation":  0.039838966093900044,
    "Minute_10":  0.00000000000755404418618221,
    "Minute_10_Fluctuation":  0.023433444640621,
    "Hour":  0.00000000000745670830085354,
    "Hour_Fluctuation":  0.0059709770388205194,
    "Day":  0.00000000000743673762889339,
    "Day_Fluctuation":  0.23574087670716545,
    "Week":  0.00000000000743526890389262,
    "Week_Fluctuation":  0.46096187689416024,
    "Updated":  "\/Date(1518113470625)\/"
}
