{
    "Live":  0.0000000000075438,
    "Minute":  0.0000000000329834615988078,
    "Minute_Fluctuation":  0.27523807915708742,
    "Minute_5":  0.0000000000375894968311026,
    "Minute_5_Fluctuation":  0.073251095353331463,
    "Minute_10":  0.0000000000386926267126372,
    "Minute_10_Fluctuation":  0.0375007470729572,
    "Hour":  0.0000000000398157347634732,
    "Hour_Fluctuation":  0.0063864854249154317,
    "Day":  0.0000000000400546348658037,
    "Day_Fluctuation":  0.23567960222598405,
    "Week":  0.0000000000400637649655054,
    "Week_Fluctuation":  0.46095269956103785,
    "Updated":  "\/Date(1518113471528)\/"
}
