{
    "Live":  0.0000000000145728,
    "Minute":  0.0000000000295108118111768,
    "Minute_Fluctuation":  0.16465567767938732,
    "Minute_5":  0.0000000000320694281673471,
    "Minute_5_Fluctuation":  0.044782950946506452,
    "Minute_10":  0.0000000000326260253454371,
    "Minute_10_Fluctuation":  0.023656203969320055,
    "Hour":  0.000000000033181798118326,
    "Hour_Fluctuation":  0.0048391122240751833,
    "Day":  0.0000000000333006100044002,
    "Day_Fluctuation":  0.23569782246167686,
    "Week":  0.0000000000333034299049567,
    "Week_Fluctuation":  0.46095849225188457,
    "Updated":  "\/Date(1518113470723)\/"
}
