{
    "Live":  0.0000000000000891,
    "Minute":  0.0000000000000890992810726346,
    "Minute_Fluctuation":  0.0101047953845039,
    "Minute_5":  0.0000000000000893708409643159,
    "Minute_5_Fluctuation":  0.004454630289189878,
    "Minute_10":  0.0000000000000892696113411994,
    "Minute_10_Fluctuation":  0.0023057739173100206,
    "Hour":  0.0000000000000891326896857556,
    "Hour_Fluctuation":  0.0010950061015373251,
    "Day":  0.000000000000089097229067411,
    "Day_Fluctuation":  0.23550811751748726,
    "Week":  0.0000000000000890991062751536,
    "Week_Fluctuation":  0.46092860458283058,
    "Updated":  "\/Date(1518113470267)\/"
}
