{
    "Live":  0.0000000000158202,
    "Minute":  0.000000000019267102894329,
    "Minute_Fluctuation":  0.070716030272088781,
    "Minute_5":  0.0000000000198852675948607,
    "Minute_5_Fluctuation":  0.022144457167719157,
    "Minute_10":  0.0000000000200326676769542,
    "Minute_10_Fluctuation":  0.012707095967334239,
    "Hour":  0.000000000020182623874499,
    "Hour_Fluctuation":  0.0025311362200251815,
    "Day":  0.0000000000202148987226788,
    "Day_Fluctuation":  0.23552331515319097,
    "Week":  0.0000000000202157284856423,
    "Week_Fluctuation":  0.46093042400003581,
    "Updated":  "\/Date(1518113471398)\/"
}
