{
    "Live":  0.0000000000029601,
    "Minute":  0.00000000000231693339738275,
    "Minute_Fluctuation":  0.12263699367257555,
    "Minute_5":  0.00000000000220073890069874,
    "Minute_5_Fluctuation":  0.033362350339898469,
    "Minute_10":  0.00000000000217295729612989,
    "Minute_10_Fluctuation":  0.017299879836996809,
    "Hour":  0.00000000000214468158392636,
    "Hour_Fluctuation":  0.0029708399877347619,
    "Day":  0.0000000000021386661338745,
    "Day_Fluctuation":  0.23553632755458992,
    "Week":  0.00000000000213843804276687,
    "Week_Fluctuation":  0.46093223602771888,
    "Updated":  "\/Date(1518113471495)\/"
}
