{
    "Live":  0,
    "Minute":  0.00000000000895686603230903,
    "Minute_Fluctuation":  0.34446795599624941,
    "Minute_5":  0.0000000000105871201920629,
    "Minute_5_Fluctuation":  0.09122729653285469,
    "Minute_10":  0.0000000000109779000456641,
    "Minute_10_Fluctuation":  0.04661428206555461,
    "Hour":  0.0000000000113758026107264,
    "Hour_Fluctuation":  0.0079712383589416319,
    "Day":  0.0000000000114605222966284,
    "Day_Fluctuation":  0.23574845622599683,
    "Week":  0.0000000000114636821436119,
    "Week_Fluctuation":  0.46096253437961354,
    "Updated":  "\/Date(1518113471592)\/"
}
