{
    "Live":  0.000000000139986,
    "Minute":  0.000000000121473514037767,
    "Minute_Fluctuation":  0.063848340318617927,
    "Minute_5":  0.000000000118149647127977,
    "Minute_5_Fluctuation":  0.018740847235207997,
    "Minute_10":  0.000000000117369878172502,
    "Minute_10_Fluctuation":  0.010320405771794,
    "Hour":  0.000000000116579131072747,
    "Hour_Fluctuation":  0.0019824253987746733,
    "Day":  0.000000000116409901519501,
    "Day_Fluctuation":  0.23550031664897766,
    "Week":  0.00000000011640481926064,
    "Week_Fluctuation":  0.46092714245956168,
    "Updated":  "\/Date(1518113471336)\/"
}
