{
    "Live":  0.0000000000006138,
    "Minute":  0.000000000000597962947119941,
    "Minute_Fluctuation":  0.011461881432982815,
    "Minute_5":  0.000000000000593941884248521,
    "Minute_5_Fluctuation":  0.0041445048068830346,
    "Minute_10":  0.000000000000593858454078818,
    "Minute_10_Fluctuation":  0.0024237243451595654,
    "Hour":  0.000000000000593951823357939,
    "Hour_Fluctuation":  0.0012699961515788623,
    "Day":  0.000000000000593961301767566,
    "Day_Fluctuation":  0.23553392026428049,
    "Week":  0.000000000000593990115248064,
    "Week_Fluctuation":  0.46093304764846077,
    "Updated":  "\/Date(1518113470594)\/"
}
