{
    "Live":  0.0000000000127611,
    "Minute":  0.0000000000152004394148091,
    "Minute_Fluctuation":  0.059146055225396524,
    "Minute_5":  0.0000000000155723909216776,
    "Minute_5_Fluctuation":  0.019819180309520363,
    "Minute_10":  0.0000000000156685571081346,
    "Minute_10_Fluctuation":  0.011674277078097008,
    "Hour":  0.0000000000157680206804162,
    "Hour_Fluctuation":  0.0028171394980464324,
    "Day":  0.0000000000157886601147129,
    "Day_Fluctuation":  0.23556694886336038,
    "Week":  0.0000000000157901337442119,
    "Week_Fluctuation":  0.46093697924623467,
    "Updated":  "\/Date(1518113470204)\/"
}
