{
    "Live":  0.0000000000001683,
    "Minute":  0.00000000000162791018228659,
    "Minute_Fluctuation":  0.27763194671343383,
    "Minute_5":  0.0000000000018666359343483,
    "Minute_5_Fluctuation":  0.091267332391466352,
    "Minute_10":  0.00000000000192176385827541,
    "Minute_10_Fluctuation":  0.054359918734686541,
    "Hour":  0.00000000000197753709707218,
    "Hour_Fluctuation":  0.00904602573354682,
    "Day":  0.00000000000198934798165663,
    "Day_Fluctuation":  0.235946783986595,
    "Week":  0.00000000000198981602488988,
    "Week_Fluctuation":  0.46102318176266421,
    "Updated":  "\/Date(1518113470466)\/"
}
