{
    "Live":  0.0000000000041481,
    "Minute":  0.00000000000515192434257397,
    "Minute_Fluctuation":  0.0769959571589697,
    "Minute_5":  0.00000000000533878097142628,
    "Minute_5_Fluctuation":  0.020965452448634462,
    "Minute_10":  0.00000000000538189842908917,
    "Minute_10_Fluctuation":  0.010977061078538042,
    "Hour":  0.00000000000542545949815532,
    "Hour_Fluctuation":  0.0019046654057686978,
    "Day":  0.00000000000543471018333367,
    "Day_Fluctuation":  0.23549695116179228,
    "Week":  0.00000000000543504640165814,
    "Week_Fluctuation":  0.46092718139472116,
    "Updated":  "\/Date(1518113471682)\/"
}
