{
    "Live":  0.000000000000119295,
    "Minute":  0.000000000000104655550553101,
    "Minute_Fluctuation":  0.047256051912942292,
    "Minute_5":  0.000000000000102256656654274,
    "Minute_5_Fluctuation":  0.014696499747811502,
    "Minute_10":  0.00000000000010176223986181,
    "Minute_10_Fluctuation":  0.00859426455646298,
    "Hour":  0.000000000000101274459719459,
    "Hour_Fluctuation":  0.0015797473721323768,
    "Day":  0.00000000000010117095467036,
    "Day_Fluctuation":  0.23551899991631972,
    "Week":  0.000000000000101168317874991,
    "Week_Fluctuation":  0.46093457901728296,
    "Updated":  "\/Date(1518113470044)\/"
}
