{
    "Live":  0.0000000000006831,
    "Minute":  0.000000000000492194747243732,
    "Minute_Fluctuation":  0.14960063568523263,
    "Minute_5":  0.000000000000461136437710506,
    "Minute_5_Fluctuation":  0.043062109374684222,
    "Minute_10":  0.000000000000454119878520545,
    "Minute_10_Fluctuation":  0.023536756443818654,
    "Hour":  0.000000000000447054387271836,
    "Hour_Fluctuation":  0.0040076905572923186,
    "Day":  0.000000000000445538585369574,
    "Day_Fluctuation":  0.23569653268072269,
    "Week":  0.000000000000445502217316476,
    "Week_Fluctuation":  0.46095978617120248,
    "Updated":  "\/Date(1518113470331)\/"
}
