{
    "Live":  0.0000000000029601,
    "Minute":  0.00000000000331928838882246,
    "Minute_Fluctuation":  0.030376635886176822,
    "Minute_5":  0.00000000000338328536704677,
    "Minute_5_Fluctuation":  0.00755437613407829,
    "Minute_10":  0.00000000000339380588974769,
    "Minute_10_Fluctuation":  0.0040164023134106174,
    "Hour":  0.00000000000340355413655881,
    "Hour_Fluctuation":  0.001122222080497179,
    "Day":  0.00000000000340560302202313,
    "Day_Fluctuation":  0.23548275504682856,
    "Week":  0.00000000000340561090618449,
    "Week_Fluctuation":  0.46092490715603562,
    "Updated":  "\/Date(1518113470139)\/"
}
