{
    "Live":  0.0000000000236907,
    "Minute":  0.0000000000142493435594263,
    "Minute_Fluctuation":  0.32924574657689409,
    "Minute_5":  0.0000000000125271526677409,
    "Minute_5_Fluctuation":  0.090658970419160934,
    "Minute_10":  0.0000000000121112543441566,
    "Minute_10_Fluctuation":  0.047423936354695509,
    "Hour":  0.0000000000116871884083618,
    "Hour_Fluctuation":  0.0082120245576950412,
    "Day":  0.0000000000115968952645051,
    "Day_Fluctuation":  0.2357563494957409,
    "Week":  0.0000000000115934711097332,
    "Week_Fluctuation":  0.46096364537818985,
    "Updated":  "\/Date(1518113471652)\/"
}
