{
    "Live":  0.000000000000116424,
    "Minute":  0.000000000000130306354743666,
    "Minute_Fluctuation":  0.041310786636946276,
    "Minute_5":  0.00000000000013276519179904,
    "Minute_5_Fluctuation":  0.01200221333479088,
    "Minute_10":  0.000000000000133337626006037,
    "Minute_10_Fluctuation":  0.0065718220855246765,
    "Hour":  0.000000000000133917327023933,
    "Hour_Fluctuation":  0.0011940554207177751,
    "Day":  0.000000000000134039810783599,
    "Day_Fluctuation":  0.23546315960379927,
    "Week":  0.00000000000013404503229437,
    "Week_Fluctuation":  0.46092198586208438,
    "Updated":  "\/Date(1518113471144)\/"
}
