{
    "Live":  0.0000000000000068409,
    "Minute":  0.0000000000000040362431478606,
    "Minute_Fluctuation":  0.28103982309822378,
    "Minute_5":  0.0000000000000035916107968831,
    "Minute_5_Fluctuation":  0.077591271844359128,
    "Minute_10":  0.0000000000000034905469973722,
    "Minute_10_Fluctuation":  0.041078615522123829,
    "Hour":  0.0000000000000033886170612717,
    "Hour_Fluctuation":  0.0083115998252396121,
    "Day":  0.0000000000000033672362706739,
    "Day_Fluctuation":  0.23583573854778175,
    "Week":  0.0000000000000033662096306307,
    "Week_Fluctuation":  0.46097554963499682,
    "Updated":  "\/Date(1518113470075)\/"
}
