{
    "Live":  0.0000000000253836,
    "Minute":  0.0000000000300889293693553,
    "Minute_Fluctuation":  0.060971664081850965,
    "Minute_5":  0.0000000000309210735965585,
    "Minute_5_Fluctuation":  0.01723038322983407,
    "Minute_10":  0.0000000000311183561067455,
    "Minute_10_Fluctuation":  0.0092195932037086835,
    "Hour":  0.0000000000313188644885704,
    "Hour_Fluctuation":  0.0019843487415727086,
    "Day":  0.000000000031362004502753,
    "Day_Fluctuation":  0.23551939340221872,
    "Week":  0.0000000000313631080149632,
    "Week_Fluctuation":  0.46093135225058118,
    "Updated":  "\/Date(1518113471207)\/"
}
