{
    "Live":  0.0000000000065241,
    "Minute":  0.00000000000822770257916594,
    "Minute_Fluctuation":  0.075001063356379613,
    "Minute_5":  0.00000000000851348652139035,
    "Minute_5_Fluctuation":  0.025327074859878486,
    "Minute_10":  0.00000000000858022438057014,
    "Minute_10_Fluctuation":  0.01523602431439448,
    "Hour":  0.00000000000864787750896158,
    "Hour_Fluctuation":  0.0055648303557910214,
    "Day":  0.00000000000866332554604919,
    "Day_Fluctuation":  0.23576444201511126,
    "Week":  0.00000000000866278621435915,
    "Week_Fluctuation":  0.46096532681272406,
    "Updated":  "\/Date(1518113470787)\/"
}
