{
    "Live":  0.00000000012969,
    "Minute":  0.0000000000921056259929564,
    "Minute_Fluctuation":  0.16617431020092965,
    "Minute_5":  0.0000000000857741754306715,
    "Minute_5_Fluctuation":  0.045488055354416281,
    "Minute_10":  0.0000000000843235792186844,
    "Minute_10_Fluctuation":  0.023888167610610384,
    "Hour":  0.0000000000828588395382895,
    "Hour_Fluctuation":  0.00498882265955991,
    "Day":  0.0000000000825437759048015,
    "Day_Fluctuation":  0.2357126739041249,
    "Week":  0.0000000000825366298085175,
    "Week_Fluctuation":  0.46095892415843909,
    "Updated":  "\/Date(1518113470753)\/"
}
