{
    "Live":  0.000000000017047275,
    "Minute":  0.0000000000166083699248768,
    "Minute_Fluctuation":  0.011566105135282546,
    "Minute_5":  0.0000000000165262898035477,
    "Minute_5_Fluctuation":  0.0038407795765615987,
    "Minute_10":  0.000000000016506331048907,
    "Minute_10_Fluctuation":  0.0022743447889072726,
    "Hour":  0.0000000000164859547686793,
    "Hour_Fluctuation":  0.00056886285842451284,
    "Day":  0.0000000000164817470655809,
    "Day_Fluctuation":  0.23550876343554769,
    "Week":  0.0000000000164814487415147,
    "Week_Fluctuation":  0.46093751479662931,
    "Updated":  "\/Date(1518113472043)\/"
}
