{
    "Live":  0.000000011729811975,
    "Minute":  0.0000000152118123850298,
    "Minute_Fluctuation":  0.0985092417418233,
    "Minute_5":  0.0000000158829542908334,
    "Minute_5_Fluctuation":  0.026681181929834982,
    "Minute_10":  0.0000000160481510634561,
    "Minute_10_Fluctuation":  0.013757732754323085,
    "Hour":  0.0000000162171142344249,
    "Hour_Fluctuation":  0.0034760425394174694,
    "Day":  0.0000000162538443776583,
    "Day_Fluctuation":  0.23568712470050884,
    "Week":  0.0000000162545126228465,
    "Week_Fluctuation":  0.46096501542398111,
    "Updated":  "\/Date(1518113472458)\/"
}
