{
    "Live":  0.000000000218881425,
    "Minute":  0.000000000129788613196861,
    "Minute_Fluctuation":  0.35783988153617996,
    "Minute_5":  0.000000000113046284115201,
    "Minute_5_Fluctuation":  0.10129350618406836,
    "Minute_10":  0.000000000108967724097954,
    "Minute_10_Fluctuation":  0.054045798744367587,
    "Hour":  0.000000000104802523730419,
    "Hour_Fluctuation":  0.0096759989942548814,
    "Day":  0.000000000103916529522566,
    "Day_Fluctuation":  0.23589100344026542,
    "Week":  0.000000000103881283454442,
    "Week_Fluctuation":  0.46099212949923085,
    "Updated":  "\/Date(1518113472109)\/"
}
