{
    "Live":  0.000000000003501225,
    "Minute":  0.00000000000408354938431563,
    "Minute_Fluctuation":  0.061789117593139015,
    "Minute_5":  0.0000000000041947661468638,
    "Minute_5_Fluctuation":  0.020211101336868056,
    "Minute_10":  0.00000000000422204054621071,
    "Minute_10_Fluctuation":  0.01185450961747516,
    "Hour":  0.00000000000424992259048503,
    "Hour_Fluctuation":  0.0018301426298833253,
    "Day":  0.00000000000425587987607783,
    "Day_Fluctuation":  0.23558419296051125,
    "Week":  0.00000000000425609247921973,
    "Week_Fluctuation":  0.46095294996038422,
    "Updated":  "\/Date(1518113472333)\/"
}
