{
    "Live":  0.00000000011509155,
    "Minute":  0.0000000000841784815446246,
    "Minute_Fluctuation":  0.18156588151502159,
    "Minute_5":  0.0000000000782322216224323,
    "Minute_5_Fluctuation":  0.052145109257162064,
    "Minute_10":  0.0000000000767698208513661,
    "Minute_10_Fluctuation":  0.028059773170217829,
    "Hour":  0.0000000000752742434468724,
    "Hour_Fluctuation":  0.0046184835921390648,
    "Day":  0.0000000000749548793105193,
    "Day_Fluctuation":  0.23570379414275186,
    "Week":  0.0000000000749432295215076,
    "Week_Fluctuation":  0.46096832255371956,
    "Updated":  "\/Date(1518113472430)\/"
}
