{
    "Live":  0.00000000000000029925,
    "Minute":  0.0000000000000002969383125683,
    "Minute_Fluctuation":  0.0034994972131115161,
    "Minute_5":  0.0000000000000002964959293896,
    "Minute_5_Fluctuation":  0.0043926480711168189,
    "Minute_10":  0.0000000000000002963873353357,
    "Minute_10_Fluctuation":  0.0037005409504734686,
    "Hour":  0.0000000000000002962763049544,
    "Hour_Fluctuation":  0.000908021112448189,
    "Day":  0.0000000000000002962572784407,
    "Day_Fluctuation":  0.23551702270094318,
    "Week":  0.0000000000000002962517337346,
    "Week_Fluctuation":  0.46093864612046342,
    "Updated":  "\/Date(1518113472362)\/"
}
