{
    "Live":  0.000000000005456325,
    "Minute":  0.00000000000564356552168102,
    "Minute_Fluctuation":  0.01437332212031932,
    "Minute_5":  0.00000000000567867094791245,
    "Minute_5_Fluctuation":  0.0041317269042412735,
    "Minute_10":  0.0000000000056872154736589,
    "Minute_10_Fluctuation":  0.0022288613097411229,
    "Hour":  0.00000000000569594032151891,
    "Hour_Fluctuation":  0.00045810036478853935,
    "Day":  0.0000000000056978186423409,
    "Day_Fluctuation":  0.23550098985824214,
    "Week":  0.00000000000569786991449147,
    "Week_Fluctuation":  0.46093638998303449,
    "Updated":  "\/Date(1518113472078)\/"
}
