{
    "Live":  0.000000000000149625,
    "Minute":  0.00000000000164584998714332,
    "Minute_Fluctuation":  0.33342239386701567,
    "Minute_5":  0.00000000000192848462800828,
    "Minute_5_Fluctuation":  0.093328821963201331,
    "Minute_10":  0.00000000000199745796679742,
    "Minute_10_Fluctuation":  0.049669420909395433,
    "Hour":  0.0000000000020679177083751,
    "Hour_Fluctuation":  0.0091047245009471915,
    "Day":  0.0000000000020828591421889,
    "Day_Fluctuation":  0.23591313625736146,
    "Week":  0.00000000000208350401693292,
    "Week_Fluctuation":  0.46099996667014426,
    "Updated":  "\/Date(1518113472179)\/"
}
