{
    "Live":  0.000000000001845375,
    "Minute":  0.00000000000209799132302659,
    "Minute_Fluctuation":  0.052136969203801189,
    "Minute_5":  0.00000000000214603341094292,
    "Minute_5_Fluctuation":  0.015080759282766358,
    "Minute_10":  0.00000000000215779544266852,
    "Minute_10_Fluctuation":  0.008170247264372512,
    "Hour":  0.00000000000216981678627967,
    "Hour_Fluctuation":  0.0016249494896925399,
    "Day":  0.0000000000021723586778021,
    "Day_Fluctuation":  0.23557019263900161,
    "Week":  0.00000000000217247663747297,
    "Week_Fluctuation":  0.46094864185026441,
    "Updated":  "\/Date(1518113472273)\/"
}
