{
    "Live":  0.0000000000001596,
    "Minute":  0.000000000000188902415220941,
    "Minute_Fluctuation":  0.0662586204880056,
    "Minute_5":  0.000000000000194451224893527,
    "Minute_5_Fluctuation":  0.02201858388245255,
    "Minute_10":  0.000000000000195806919029407,
    "Minute_10_Fluctuation":  0.013052686108667997,
    "Hour":  0.000000000000197192072324187,
    "Hour_Fluctuation":  0.0022359387758244605,
    "Day":  0.000000000000197488469677249,
    "Day_Fluctuation":  0.23558808250409391,
    "Week":  0.000000000000197498506399074,
    "Week_Fluctuation":  0.46095264409664738,
    "Updated":  "\/Date(1518113472213)\/"
}
