{
    "Live":  0.000000000000528675,
    "Minute":  0.000000000000425508883957732,
    "Minute_Fluctuation":  0.11464570183193007,
    "Minute_5":  0.00000000000040584438228917,
    "Minute_5_Fluctuation":  0.034502354479834123,
    "Minute_10":  0.000000000000401025668078606,
    "Minute_10_Fluctuation":  0.019195375700653119,
    "Hour":  0.000000000000396100119398374,
    "Hour_Fluctuation":  0.0038666591520406064,
    "Day":  0.000000000000395060444089874,
    "Day_Fluctuation":  0.23565704108400343,
    "Week":  0.000000000000395010224147589,
    "Week_Fluctuation":  0.46095897942301545,
    "Updated":  "\/Date(1518113472304)\/"
}
