{
    "Live":  0.000000000000488775,
    "Minute":  0.000000000000355273137473701,
    "Minute_Fluctuation":  0.18262628453090518,
    "Minute_5":  0.000000000000329941841912521,
    "Minute_5_Fluctuation":  0.0618405777877793,
    "Minute_10":  0.000000000000323745382652113,
    "Minute_10_Fluctuation":  0.037048912624414523,
    "Hour":  0.000000000000317413187369167,
    "Hour_Fluctuation":  0.0068533622737647331,
    "Day":  0.000000000000316074359885731,
    "Day_Fluctuation":  0.23578983940201578,
    "Week":  0.000000000000316012216716385,
    "Week_Fluctuation":  0.46098344838573307,
    "Updated":  "\/Date(1518113472242)\/"
}
