{
    "Live":  0.00000000000057855,
    "Minute":  0.000000000000619716284726396,
    "Minute_Fluctuation":  0.029465210018236918,
    "Minute_5":  0.000000000000627616714869878,
    "Minute_5_Fluctuation":  0.014759837489489992,
    "Minute_10":  0.00000000000062955791187104,
    "Minute_10_Fluctuation":  0.010397181437961776,
    "Hour":  0.000000000000631542892301843,
    "Hour_Fluctuation":  0.0032877916381680826,
    "Day":  0.000000000000631922400930146,
    "Day_Fluctuation":  0.2356622769611445,
    "Week":  0.00000000000063198219749857,
    "Week_Fluctuation":  0.46095954797792932,
    "Updated":  "\/Date(1518113472399)\/"
}
