{
    "Live":  0.000000000309035475,
    "Minute":  0.000000000290495568138377,
    "Minute_Fluctuation":  0.028444442663217853,
    "Minute_5":  0.000000000287003135304219,
    "Minute_5_Fluctuation":  0.013538308438608133,
    "Minute_10":  0.000000000286151552462121,
    "Minute_10_Fluctuation":  0.00938498250407486,
    "Hour":  0.000000000285281751119672,
    "Hour_Fluctuation":  0.0021713629515117171,
    "Day":  0.0000000002850874483427,
    "Day_Fluctuation":  0.23559262983085213,
    "Week":  0.000000000285089358411657,
    "Week_Fluctuation":  0.46095155927567605,
    "Updated":  "\/Date(1518113472142)\/"
}
