{
    "Live":  0.000000000009009,
    "Minute":  0.00000000000694767977388814,
    "Minute_Fluctuation":  0.15100882977294194,
    "Minute_5":  0.00000000000653697899634269,
    "Minute_5_Fluctuation":  0.050091321177348672,
    "Minute_10":  0.00000000000643473530220096,
    "Minute_10_Fluctuation":  0.029586125947358335,
    "Hour":  0.00000000000632997900010578,
    "Hour_Fluctuation":  0.0084777603311076144,
    "Day":  0.00000000000630857086025526,
    "Day_Fluctuation":  0.23590257710711279,
    "Week":  0.0000000000063067720628279,
    "Week_Fluctuation":  0.46098478284645661,
    "Updated":  "\/Date(1518113472933)\/"
}
