{
    "Live":  0.000000090595537725,
    "Minute":  0.000000095241012303122,
    "Minute_Fluctuation":  0.032041616364761563,
    "Minute_5":  0.0000000958968317969543,
    "Minute_5_Fluctuation":  0.0101654101900213,
    "Minute_10":  0.0000000962252812619667,
    "Minute_10_Fluctuation":  0.0054191768498764864,
    "Hour":  0.0000000965933309006452,
    "Hour_Fluctuation":  0.0016765232221295882,
    "Day":  0.0000000966790403661446,
    "Day_Fluctuation":  0.23556304367546108,
    "Week":  0.0000000966779787187582,
    "Week_Fluctuation":  0.46093853233152093,
    "Updated":  "\/Date(1518113472871)\/"
}
