{
    "Live":  0.0000000000001007226,
    "Minute":  0.0000000000000902850447545941,
    "Minute_Fluctuation":  0.042927521649178034,
    "Minute_5":  0.00000000000008791811124183,
    "Minute_5_Fluctuation":  0.012051418319039371,
    "Minute_10":  0.0000000000000875356078987285,
    "Minute_10_Fluctuation":  0.0070121494469658225,
    "Hour":  0.000000000000087183530480305,
    "Hour_Fluctuation":  0.0018904202303806016,
    "Day":  0.0000000000000871091054543711,
    "Day_Fluctuation":  0.235524509190704,
    "Week":  0.0000000000000871094792762917,
    "Week_Fluctuation":  0.4609304457930225,
    "Updated":  "\/Date(1518113472673)\/"
}
