{
    "Live":  0.000000106405086515,
    "Minute":  0.000000106711036184416,
    "Minute_Fluctuation":  0.0014107608767025544,
    "Minute_5":  0.000000106774577952692,
    "Minute_5_Fluctuation":  0.00038267690036834681,
    "Minute_10":  0.000000106790357156289,
    "Minute_10_Fluctuation":  0.000198237026513304,
    "Hour":  0.000000106806486562866,
    "Hour_Fluctuation":  5.1053166703523246E-05,
    "Day":  0.000000106809855862163,
    "Day_Fluctuation":  0.23548191174136435,
    "Week":  0.00000010681005591224,
    "Week_Fluctuation":  0.46093366282238,
    "Updated":  "\/Date(1518113473325)\/"
}
