{
    "Live":  0.0000000000001065438,
    "Minute":  0.0000000000000534261918525309,
    "Minute_Fluctuation":  0.65074802195199433,
    "Minute_5":  0.0000000000000426630075235321,
    "Minute_5_Fluctuation":  0.184310864092688,
    "Minute_10":  0.0000000000000399294072862019,
    "Minute_10_Fluctuation":  0.098202935330479024,
    "Hour":  0.000000000000037118858116127,
    "Hour_Fluctuation":  0.017341135342160263,
    "Day":  0.0000000000000365180686614872,
    "Day_Fluctuation":  0.23621123261257049,
    "Week":  0.0000000000000364952198680424,
    "Week_Fluctuation":  0.46103791310198627,
    "Updated":  "\/Date(1518113473137)\/"
}
