{
    "Live":  0.0000000000051282,
    "Minute":  0.00000000000625771338002316,
    "Minute_Fluctuation":  0.080341138017495234,
    "Minute_5":  0.000000000006479454521615,
    "Minute_5_Fluctuation":  0.023806801741485317,
    "Minute_10":  0.00000000000653440604401046,
    "Minute_10_Fluctuation":  0.013109648703134627,
    "Hour":  0.00000000000659067051820394,
    "Hour_Fluctuation":  0.0030642426024462223,
    "Day":  0.00000000000660240842115173,
    "Day_Fluctuation":  0.23558084760393555,
    "Week":  0.00000000000660313073418067,
    "Week_Fluctuation":  0.46093851206259062,
    "Updated":  "\/Date(1518113472735)\/"
}
