{
    "Live":  0.0000000102744774,
    "Minute":  0.0000000112135336024514,
    "Minute_Fluctuation":  0.039034065742669488,
    "Minute_5":  0.0000000114012675958884,
    "Minute_5_Fluctuation":  0.0145217074707591,
    "Minute_10":  0.0000000114481497481102,
    "Minute_10_Fluctuation":  0.0091157759610773163,
    "Hour":  0.0000000114962076667889,
    "Hour_Fluctuation":  0.0041047745627359406,
    "Day":  0.0000000115076439749993,
    "Day_Fluctuation":  0.23568761291449075,
    "Week":  0.0000000115068565051252,
    "Week_Fluctuation":  0.46095529001644636,
    "Updated":  "\/Date(1518113472993)\/"
}
