{
    "Live":  0.00000000001759,
    "Minute":  0.0000000000192415393373773,
    "Minute_Fluctuation":  0.036469662809256974,
    "Minute_5":  0.0000000000196302532592657,
    "Minute_5_Fluctuation":  0.012420252529945913,
    "Minute_10":  0.0000000000196900640519253,
    "Minute_10_Fluctuation":  0.0078735303736309162,
    "Hour":  0.0000000000197397544384902,
    "Hour_Fluctuation":  0.0025068820754573233,
    "Day":  0.0000000000197479683657003,
    "Day_Fluctuation":  0.23559074007571484,
    "Week":  0.0000000000197495203749303,
    "Week_Fluctuation":  0.46094112993382419,
    "Updated":  "\/Date(1518113472803)\/"
}
