{
    "Live":  0.0000000000005742,
    "Minute":  0.000000000000399935509747977,
    "Minute_Fluctuation":  0.23489521859012014,
    "Minute_5":  0.000000000000366749821242809,
    "Minute_5_Fluctuation":  0.0682526112191287,
    "Minute_10":  0.00000000000035783302789491,
    "Minute_10_Fluctuation":  0.036392854558342194,
    "Hour":  0.000000000000348569220605294,
    "Hour_Fluctuation":  0.0076730202241009279,
    "Day":  0.000000000000346556580017184,
    "Day_Fluctuation":  0.23581521524485044,
    "Week":  0.000000000000346504395413483,
    "Week_Fluctuation":  0.4609721620752823,
    "Updated":  "\/Date(1518113472766)\/"
}
