{
    "Live":  0.0000000000005742,
    "Minute":  0.000000000000423065142316783,
    "Minute_Fluctuation":  0.15345143903092665,
    "Minute_5":  0.000000000000388273613618409,
    "Minute_5_Fluctuation":  0.0386962062879801,
    "Minute_10":  0.000000000000382537088558208,
    "Minute_10_Fluctuation":  0.021628690999625992,
    "Hour":  0.000000000000377296361175017,
    "Hour_Fluctuation":  0.0032970574573075477,
    "Day":  0.000000000000376221051074482,
    "Day_Fluctuation":  0.23569320818725928,
    "Week":  0.00000000000037619996313011,
    "Week_Fluctuation":  0.46096091206964557,
    "Updated":  "\/Date(1518113472901)\/"
}
