{
    "Live":  0.000000001567892165,
    "Minute":  0.00000000135390406687803,
    "Minute_Fluctuation":  0.081040133842228565,
    "Minute_5":  0.00000000130982622927538,
    "Minute_5_Fluctuation":  0.022316179849163009,
    "Minute_10":  0.0000000012987317577846,
    "Minute_10_Fluctuation":  0.011607106593174168,
    "Hour":  0.00000000128734689625508,
    "Hour_Fluctuation":  0.0020072949665769259,
    "Day":  0.00000000128491547147995,
    "Day_Fluctuation":  0.23556358223107038,
    "Week":  0.00000000128482279634238,
    "Week_Fluctuation":  0.46094533427146195,
    "Updated":  "\/Date(1518113473294)\/"
}
