{
    "Live":  0.0000000000000161172,
    "Minute":  0.0000000000000120743691602716,
    "Minute_Fluctuation":  0.16831174908015425,
    "Minute_5":  0.0000000000000112824348145829,
    "Minute_5_Fluctuation":  0.0509677993941072,
    "Minute_10":  0.0000000000000110863448868611,
    "Minute_10_Fluctuation":  0.028441250719721679,
    "Hour":  0.000000000000010885592920008,
    "Hour_Fluctuation":  0.006853164552197988,
    "Day":  0.0000000000000108438094601044,
    "Day_Fluctuation":  0.23580075807197859,
    "Week":  0.000000000000010841137317081,
    "Week_Fluctuation":  0.46097016839183769,
    "Updated":  "\/Date(1518113472705)\/"
}
