{
    "Live":  0.0000000638680878,
    "Minute":  0.000000015733384290229,
    "Minute_Fluctuation":  8085.5334008931331,
    "Minute_5":  0.00000000570046881037672,
    "Minute_5_Fluctuation":  116562096596.95618,
    "Minute_10":  0.00000000317254918198528,
    "Minute_10_Fluctuation":  77428603732.940323,
    "Hour":  0.000000000578601547718016,
    "Hour_Fluctuation":  15999318151.953634,
    "Day":  0.0000000000245294369553527,
    "Day_Fluctuation":  693336208.03274989,
    "Week":  0.00000000000350646771301223,
    "Week_Fluctuation":  99191976.859367251,
    "Updated":  "\/Date(1518113473450)\/"
}
