{
    "Live":  0.0000000000189486,
    "Minute":  0.0000000000550451053883915,
    "Minute_Fluctuation":  0.28269248987563367,
    "Minute_5":  0.0000000000625362790440039,
    "Minute_5_Fluctuation":  0.075703165044229,
    "Minute_10":  0.0000000000644325890577425,
    "Minute_10_Fluctuation":  0.038812879373969912,
    "Hour":  0.0000000000663803526949134,
    "Hour_Fluctuation":  0.0066986045660418457,
    "Day":  0.0000000000667963240488026,
    "Day_Fluctuation":  0.23576349671093894,
    "Week":  0.0000000000668123757222203,
    "Week_Fluctuation":  0.46097389655683252,
    "Updated":  "\/Date(1518113473420)\/"
}
