{
    "Live":  0.000000001916211395,
    "Minute":  0.00000000180293275974875,
    "Minute_Fluctuation":  0.023811165556188063,
    "Minute_5":  0.00000000177104500459246,
    "Minute_5_Fluctuation":  0.012413200294802432,
    "Minute_10":  0.00000000176892997623164,
    "Minute_10_Fluctuation":  0.0084709068306919721,
    "Hour":  0.0000000017680554814595,
    "Hour_Fluctuation":  0.0020201982278336018,
    "Day":  0.00000000176793750813617,
    "Day_Fluctuation":  0.23551120847232981,
    "Week":  0.00000000176799328641188,
    "Week_Fluctuation":  0.46092882869163276,
    "Updated":  "\/Date(1518113472837)\/"
}
