{
    "Live":  0.00000000006755,
    "Minute":  0.000000000100354292511224,
    "Minute_Fluctuation":  0.14883405495567878,
    "Minute_5":  0.000000000107096552106418,
    "Minute_5_Fluctuation":  0.040293603441160009,
    "Minute_10":  0.000000000108792112965579,
    "Minute_10_Fluctuation":  0.020760645679166675,
    "Hour":  0.000000000110531874019843,
    "Hour_Fluctuation":  0.0035968550602880848,
    "Day":  0.000000000110903250290879,
    "Day_Fluctuation":  0.23563191365577676,
    "Week":  0.000000000110917571043774,
    "Week_Fluctuation":  0.46095510639186227,
    "Updated":  "\/Date(1518113473263)\/"
}
