{
    "Live":  0.0000000000011484,
    "Minute":  0.00000000000357853982408661,
    "Minute_Fluctuation":  0.26162853196844432,
    "Minute_5":  0.00000000000407696867310982,
    "Minute_5_Fluctuation":  0.073996424996263022,
    "Minute_10":  0.00000000000419271402815013,
    "Minute_10_Fluctuation":  0.03955805732432402,
    "Hour":  0.00000000000431005771021496,
    "Hour_Fluctuation":  0.0080578700729326928,
    "Day":  0.00000000000433469304619096,
    "Day_Fluctuation":  0.235838416035975,
    "Week":  0.00000000000433593766209519,
    "Week_Fluctuation":  0.46097805565445388,
    "Updated":  "\/Date(1518113472964)\/"
}
