{
    "Live":  0.0000000000027551,
    "Minute":  0.00000000000400087313944311,
    "Minute_Fluctuation":  0.14858891487031015,
    "Minute_5":  0.00000000000426567657509446,
    "Minute_5_Fluctuation":  0.0453967480069563,
    "Minute_10":  0.00000000000433342756143856,
    "Minute_10_Fluctuation":  0.025339118271319905,
    "Hour":  0.00000000000440311516669859,
    "Hour_Fluctuation":  0.0046921803811088691,
    "Day":  0.00000000000441792376267591,
    "Day_Fluctuation":  0.23560498001781505,
    "Week":  0.00000000000441858355086872,
    "Week_Fluctuation":  0.46094157002289826,
    "Updated":  "\/Date(1518113473829)\/"
}
