{
    "Live":  0.00000000000000556,
    "Minute":  0.0000000000000055675002908068,
    "Minute_Fluctuation":  0.00068666603505337963,
    "Minute_5":  0.0000000000000055690847463939,
    "Minute_5_Fluctuation":  0.00040795671127685361,
    "Minute_10":  0.0000000000000055694893089934,
    "Minute_10_Fluctuation":  0.00029593845634942151,
    "Hour":  0.0000000000000055699053121302,
    "Hour_Fluctuation":  6.6790300461916011E-05,
    "Day":  0.0000000000000055699889816582,
    "Day_Fluctuation":  0.23541129649598383,
    "Week":  0.0000000000000055699976372771,
    "Week_Fluctuation":  0.46091389632529878,
    "Updated":  "\/Date(1518113473777)\/"
}
