{
    "Live":  0.00000000000875009,
    "Minute":  0.00000000000890688018079487,
    "Minute_Fluctuation":  0.0089718249403663262,
    "Minute_5":  0.00000000000894009995577783,
    "Minute_5_Fluctuation":  0.0025114414291786832,
    "Minute_10":  0.00000000000894859335282004,
    "Minute_10_Fluctuation":  0.0013196309110442665,
    "Hour":  0.00000000000895732874386715,
    "Hour_Fluctuation":  0.00022989745890291243,
    "Day":  0.00000000000895919510486636,
    "Day_Fluctuation":  0.23541817128681952,
    "Week":  0.00000000000895926762147715,
    "Week_Fluctuation":  0.46091487348238785,
    "Updated":  "\/Date(1518113473787)\/"
}
