{
    "Live":  0.00000000000018353,
    "Minute":  0.00000000000014794013212552,
    "Minute_Fluctuation":  0.13165860861636589,
    "Minute_5":  0.000000000000140373390052231,
    "Minute_5_Fluctuation":  0.040905567347411548,
    "Minute_10":  0.000000000000138437203488106,
    "Minute_10_Fluctuation":  0.023005806052481918,
    "Hour":  0.000000000000136445632192029,
    "Hour_Fluctuation":  0.0042900531645570237,
    "Day":  0.000000000000136022272203778,
    "Day_Fluctuation":  0.23558852045903478,
    "Week":  0.00000000000013600356354804,
    "Week_Fluctuation":  0.46093921978286428,
    "Updated":  "\/Date(1518113473837)\/"
}
