{
    "Live":  0.00000000000002582,
    "Minute":  0.0000000000000361039513258908,
    "Minute_Fluctuation":  0.13617170274870946,
    "Minute_5":  0.0000000000000382829083652346,
    "Minute_5_Fluctuation":  0.039674625842292192,
    "Minute_10":  0.0000000000000388395725426974,
    "Minute_10_Fluctuation":  0.021484333297950946,
    "Hour":  0.0000000000000394120228255385,
    "Hour_Fluctuation":  0.0038642918410269535,
    "Day":  0.0000000000000395339867775735,
    "Day_Fluctuation":  0.23557029550590541,
    "Week":  0.0000000000000395390744128535,
    "Week_Fluctuation":  0.46093661573423833,
    "Updated":  "\/Date(1518113473819)\/"
}
