{
    "Live":  0.00000000000052053,
    "Minute":  0.000000000000629071812871079,
    "Minute_Fluctuation":  0.08467578653853583,
    "Minute_5":  0.000000000000652069736689175,
    "Minute_5_Fluctuation":  0.032182802503996369,
    "Minute_10":  0.000000000000657947096760759,
    "Minute_10_Fluctuation":  0.02009137886684734,
    "Hour":  0.000000000000663991533024147,
    "Hour_Fluctuation":  0.0040832174918047377,
    "Day":  0.000000000000665258462144509,
    "Day_Fluctuation":  0.23557943757976418,
    "Week":  0.000000000000665333097939812,
    "Week_Fluctuation":  0.4609379327984599,
    "Updated":  "\/Date(1518113473809)\/"
}
