{
    "Live":  0.00000000000054041,
    "Minute":  0.000000000000395845584737132,
    "Minute_Fluctuation":  0.20568597410788564,
    "Minute_5":  0.000000000000365246231755209,
    "Minute_5_Fluctuation":  0.057764023834297,
    "Minute_10":  0.000000000000357431086403211,
    "Minute_10_Fluctuation":  0.030379563292790686,
    "Hour":  0.000000000000349394644107963,
    "Hour_Fluctuation":  0.0052901158708537361,
    "Day":  0.000000000000347676754077691,
    "Day_Fluctuation":  0.23563057723125611,
    "Week":  0.000000000000347611046111293,
    "Week_Fluctuation":  0.46094522922425296,
    "Updated":  "\/Date(1518113473804)\/"
}
