{
    "Live":  0.0000000001358676,
    "Minute":  0.000000000136742888185556,
    "Minute_Fluctuation":  0.003257824325053536,
    "Minute_5":  0.000000000136927715102867,
    "Minute_5_Fluctuation":  0.00093586185545712708,
    "Minute_10":  0.000000000136974926540352,
    "Minute_10_Fluctuation":  0.00050076453226366,
    "Hour":  0.000000000137023476806637,
    "Hour_Fluctuation":  8.8922641867155767E-05,
    "Day":  0.000000000137033881268884,
    "Day_Fluctuation":  0.23541223891928253,
    "Week":  0.000000000137034252155489,
    "Week_Fluctuation":  0.46091402521623409,
    "Updated":  "\/Date(1518113473760)\/"
}
