{
    "Live":  0.00000000000025133,
    "Minute":  0.000000000000493863152112785,
    "Minute_Fluctuation":  0.22488035973919474,
    "Minute_5":  0.000000000000545336865338311,
    "Minute_5_Fluctuation":  0.063387714007468232,
    "Minute_10":  0.000000000000558498343089745,
    "Minute_10_Fluctuation":  0.033633887869619218,
    "Hour":  0.000000000000572034894316098,
    "Hour_Fluctuation":  0.0059291144226291054,
    "Day":  0.000000000000574923033556509,
    "Day_Fluctuation":  0.23565664461331781,
    "Week":  0.000000000000575039442572677,
    "Week_Fluctuation":  0.46094894847582446,
    "Updated":  "\/Date(1518113473824)\/"
}
