{
    "Live":  0.00000000570217862,
    "Minute":  0.00000000872452641091484,
    "Minute_Fluctuation":  0.16276650702925607,
    "Minute_5":  0.00000000936277315232424,
    "Minute_5_Fluctuation":  0.04768691050997443,
    "Minute_10":  0.00000000952571154427548,
    "Minute_10_Fluctuation":  0.025934683598278812,
    "Hour":  0.00000000969325107204486,
    "Hour_Fluctuation":  0.004685225327556824,
    "Day":  0.00000000972892771422884,
    "Day_Fluctuation":  0.23560466777087144,
    "Week":  0.00000000973043303006149,
    "Week_Fluctuation":  0.46094153368060586,
    "Updated":  "\/Date(1518113473782)\/"
}
