{
    "Live":  0.00000000000166385,
    "Minute":  0.00000000000177516933531515,
    "Minute_Fluctuation":  0.031689048522995644,
    "Minute_5":  0.00000000000179881176949127,
    "Minute_5_Fluctuation":  0.01174223788869758,
    "Minute_10":  0.00000000000180485917617486,
    "Minute_10_Fluctuation":  0.0072619125321632593,
    "Hour":  0.00000000000181107914436036,
    "Hour_Fluctuation":  0.0014707639545638346,
    "Day":  0.0000000000018124332085671,
    "Day_Fluctuation":  0.2354701146319923,
    "Week":  0.00000000000181245974201015,
    "Week_Fluctuation":  0.46092230150104024,
    "Updated":  "\/Date(1518113473842)\/"
}
