{
    "Live":  0.00000069070576497,
    "Minute":  0.000000755853046262373,
    "Minute_Fluctuation":  0.04314485839236451,
    "Minute_5":  0.000000769642532106663,
    "Minute_5_Fluctuation":  0.01275556786177297,
    "Minute_10":  0.000000773166717421978,
    "Minute_10_Fluctuation":  0.0069632302785296481,
    "Hour":  0.000000776791116007969,
    "Hour_Fluctuation":  0.0012622482450142347,
    "Day":  0.000000777569223756387,
    "Day_Fluctuation":  0.23546144214839734,
    "Week":  0.000000777595552948548,
    "Week_Fluctuation":  0.4609210617084632,
    "Updated":  "\/Date(1518113473769)\/"
}
