{
    "Live":  0.00000000046071721,
    "Minute":  0.000000000283427634416054,
    "Minute_Fluctuation":  0.38220494071979033,
    "Minute_5":  0.000000000245838632746825,
    "Minute_5_Fluctuation":  0.11277600934992459,
    "Minute_10":  0.000000000236230561594396,
    "Minute_10_Fluctuation":  0.06140760461404126,
    "Hour":  0.000000000226349094314153,
    "Hour_Fluctuation":  0.011071995458009895,
    "Day":  0.00000000022423119808056,
    "Day_Fluctuation":  0.23587383214932831,
    "Week":  0.000000000224155868666578,
    "Week_Fluctuation":  0.46098000239726011,
    "Updated":  "\/Date(1518113473814)\/"
}
