{
    "Live":  0.00000000000719876,
    "Minute":  0.00000000000558104312498287,
    "Minute_Fluctuation":  0.16011880037736739,
    "Minute_5":  0.00000000000523821015321327,
    "Minute_5_Fluctuation":  0.054030655675798935,
    "Minute_10":  0.0000000000051505876500718,
    "Minute_10_Fluctuation":  0.031885581458112079,
    "Hour":  0.00000000000506047411804438,
    "Hour_Fluctuation":  0.0062177226290615322,
    "Day":  0.00000000000504141411716299,
    "Day_Fluctuation":  0.23566957453984708,
    "Week":  0.00000000000504047337127025,
    "Week_Fluctuation":  0.46095081634023449,
    "Updated":  "\/Date(1518113473798)\/"
}
