{
    "Live":  0.00000011714963882,
    "Minute":  0.00000011875132520806,
    "Minute_Fluctuation":  0.0068716839075057233,
    "Minute_5":  0.000000119090324907739,
    "Minute_5_Fluctuation":  0.0034692785709228703,
    "Minute_10":  0.000000119176953711467,
    "Minute_10_Fluctuation":  0.0024061945026412892,
    "Hour":  0.000000119266044202253,
    "Hour_Fluctuation":  0.00052778119159230675,
    "Day":  0.000000119284281712205,
    "Day_Fluctuation":  0.23543067186569233,
    "Week":  0.000000119285817703889,
    "Week_Fluctuation":  0.46091666506396489,
    "Updated":  "\/Date(1518113473765)\/"
}
