{
    "Live":  0.00000000000575159,
    "Minute":  0.00000000000550059923151085,
    "Minute_Fluctuation":  0.023372886654195835,
    "Minute_5":  0.00000000000544196912780201,
    "Minute_5_Fluctuation":  0.012363951827258234,
    "Minute_10":  0.00000000000542781160006207,
    "Minute_10_Fluctuation":  0.0085767065262149118,
    "Hour":  0.00000000000541324710445667,
    "Hour_Fluctuation":  0.001830682447911653,
    "Day":  0.00000000000541000787257915,
    "Day_Fluctuation":  0.23548555618036343,
    "Week":  0.00000000000541000907598027,
    "Week_Fluctuation":  0.46092483201403855,
    "Updated":  "\/Date(1518113474970)\/"
}
