{
    "Live":  0.0000001142343462,
    "Minute":  0.00000011362918572554,
    "Minute_Fluctuation":  0.0043776423804152932,
    "Minute_5":  0.000000113364774131901,
    "Minute_5_Fluctuation":  0.0017688200901866927,
    "Minute_10":  0.000000113375679533363,
    "Minute_10_Fluctuation":  0.0010099332079689469,
    "Hour":  0.000000113401711476851,
    "Hour_Fluctuation":  0.00023668529500588096,
    "Day":  0.000000113408319850586,
    "Day_Fluctuation":  0.23541956773230641,
    "Week":  0.000000113408965377576,
    "Week_Fluctuation":  0.46091482422888946,
    "Updated":  "\/Date(1518113475032)\/"
}
