{
    "Live":  0.00000000000914501,
    "Minute":  0.00000000000825724189125472,
    "Minute_Fluctuation":  0.060774173585604788,
    "Minute_5":  0.00000000000805160521938826,
    "Minute_5_Fluctuation":  0.0173953807272001,
    "Minute_10":  0.00000000000799942206425188,
    "Minute_10_Fluctuation":  0.00931779017795252,
    "Hour":  0.00000000000794602749709939,
    "Hour_Fluctuation":  0.0019250164758059204,
    "Day":  0.0000000000079347476716506,
    "Day_Fluctuation":  0.23550227299006748,
    "Week":  0.000000000007934201766245,
    "Week_Fluctuation":  0.46092668831692662,
    "Updated":  "\/Date(1518113475085)\/"
}
