{
    "Live":  0.00000000027528757,
    "Minute":  0.000000000293239770664641,
    "Minute_Fluctuation":  0.025583612908637494,
    "Minute_5":  0.000000000298149534933214,
    "Minute_5_Fluctuation":  0.00658214677304493,
    "Minute_10":  0.000000000298910330271437,
    "Minute_10_Fluctuation":  0.0037709418274061417,
    "Hour":  0.000000000299585003458909,
    "Hour_Fluctuation":  0.00057495264282232368,
    "Day":  0.000000000299717838035114,
    "Day_Fluctuation":  0.2354715725748241,
    "Week":  0.000000000299723804366316,
    "Week_Fluctuation":  0.46092735690160419,
    "Updated":  "\/Date(1518113474974)\/"
}
