{
    "Live":  0.00000000000026896,
    "Minute":  0.00000000000021016578436351,
    "Minute_Fluctuation":  0.16674509651739153,
    "Minute_5":  0.000000000000196849840342346,
    "Minute_5_Fluctuation":  0.0489602607669333,
    "Minute_10":  0.00000000000019334580213832,
    "Minute_10_Fluctuation":  0.026354022441038787,
    "Hour":  0.000000000000189729488218342,
    "Hour_Fluctuation":  0.0047174635159698223,
    "Day":  0.000000000000188955981818141,
    "Day_Fluctuation":  0.23561242563156445,
    "Week":  0.000000000000188925325568168,
    "Week_Fluctuation":  0.46094363671057437,
    "Updated":  "\/Date(1518113474955)\/"
}
