{
    "Live":  0.00000000000004126,
    "Minute":  0.0000000000000418602559002655,
    "Minute_Fluctuation":  0.0082733237169159129,
    "Minute_5":  0.0000000000000419943533153108,
    "Minute_5_Fluctuation":  0.0025131873963100525,
    "Minute_10":  0.0000000000000420319734581967,
    "Minute_10_Fluctuation":  0.0013752293351505024,
    "Hour":  0.0000000000000420712173762871,
    "Hour_Fluctuation":  0.00029255840527623016,
    "Day":  0.0000000000000420797774176073,
    "Day_Fluctuation":  0.23542161306073525,
    "Week":  0.000000000000042079985742473,
    "Week_Fluctuation":  0.460915116055538,
    "Updated":  "\/Date(1518113475081)\/"
}
