{
    "Live":  0.00000000000754421,
    "Minute":  0.00000000000657332602414679,
    "Minute_Fluctuation":  0.083838257239238018,
    "Minute_5":  0.00000000000635005477247096,
    "Minute_5_Fluctuation":  0.023840999133197482,
    "Minute_10":  0.00000000000629297226188315,
    "Minute_10_Fluctuation":  0.012618056284533942,
    "Hour":  0.0000000000062343491970555,
    "Hour_Fluctuation":  0.0023036772417664914,
    "Day":  0.00000000000622185096932709,
    "Day_Fluctuation":  0.23550805805076694,
    "Week":  0.00000000000622134120433874,
    "Week_Fluctuation":  0.46092746380313387,
    "Updated":  "\/Date(1518113475006)\/"
}
