{
    "Live":  0.00000000000000786,
    "Minute":  0.0000000000000074053587298167,
    "Minute_Fluctuation":  0.0355732489437134,
    "Minute_5":  0.0000000000000073037435456482,
    "Minute_5_Fluctuation":  0.01009597090799658,
    "Minute_10":  0.0000000000000072757103732632,
    "Minute_10_Fluctuation":  0.0052810705774487161,
    "Hour":  0.0000000000000072465499173937,
    "Hour_Fluctuation":  0.00093344919363718705,
    "Day":  0.000000000000007240289706369,
    "Day_Fluctuation":  0.23544957484031298,
    "Week":  0.0000000000000072400428325598,
    "Week_Fluctuation":  0.46091934540519836,
    "Updated":  "\/Date(1518113475075)\/"
}
