{
    "Live":  0.00000000000041906,
    "Minute":  0.000000000000427504277774294,
    "Minute_Fluctuation":  0.0097799311134579448,
    "Minute_5":  0.000000000000429586965309633,
    "Minute_5_Fluctuation":  0.0041745922673097745,
    "Minute_10":  0.000000000000430028812724093,
    "Minute_10_Fluctuation":  0.0027970820802303577,
    "Hour":  0.000000000000430463132407879,
    "Hour_Fluctuation":  0.0007442469400996811,
    "Day":  0.000000000000430548537915117,
    "Day_Fluctuation":  0.23544445996132513,
    "Week":  0.000000000000430557516934261,
    "Week_Fluctuation":  0.46091838560574461,
    "Updated":  "\/Date(1518113474996)\/"
}
