{
    "Live":  0.00000000000007384,
    "Minute":  0.0000000000000701745717128631,
    "Minute_Fluctuation":  0.02958421357560995,
    "Minute_5":  0.000000000000069341142717022,
    "Minute_5_Fluctuation":  0.0083815560760209986,
    "Minute_10":  0.0000000000000691199185861657,
    "Minute_10_Fluctuation":  0.0044016393266117773,
    "Hour":  0.0000000000000688912154766632,
    "Hour_Fluctuation":  0.00076701260439685382,
    "Day":  0.0000000000000688422007421841,
    "Day_Fluctuation":  0.235438953974683,
    "Week":  0.0000000000000688403177922193,
    "Week_Fluctuation":  0.46091758748798878,
    "Updated":  "\/Date(1518113475064)\/"
}
