{
    "Live":  0.00000073260888812,
    "Minute":  0.000000701164760555251,
    "Minute_Fluctuation":  0.0224564998477648,
    "Minute_5":  0.000000693246064310696,
    "Minute_5_Fluctuation":  0.0063327711009846408,
    "Minute_10":  0.000000691618264366695,
    "Minute_10_Fluctuation":  0.0035154319243643809,
    "Hour":  0.000000690030415697881,
    "Hour_Fluctuation":  0.00073486145532600028,
    "Day":  0.000000689703460405828,
    "Day_Fluctuation":  0.23544180456914843,
    "Week":  0.000000689686622550701,
    "Week_Fluctuation":  0.46091800554741563,
    "Updated":  "\/Date(1518113475059)\/"
}
