{
    "Live":  0.00000000000046824,
    "Minute":  0.000000000000367249180341708,
    "Minute_Fluctuation":  0.1134430756725314,
    "Minute_5":  0.000000000000336978216571276,
    "Minute_5_Fluctuation":  0.035228104003428115,
    "Minute_10":  0.000000000000333634674533734,
    "Minute_10_Fluctuation":  0.019310235835101296,
    "Hour":  0.000000000000331199132509527,
    "Hour_Fluctuation":  0.0029864476928896859,
    "Day":  0.00000000000033077462439789,
    "Day_Fluctuation":  0.23558357363471322,
    "Week":  0.000000000000330761677338392,
    "Week_Fluctuation":  0.46094332988268827,
    "Updated":  "\/Date(1518113474989)\/"
}
