{
    "Live":  0.00000023625908134,
    "Minute":  0.000000245263829583321,
    "Minute_Fluctuation":  0.020933701485970388,
    "Minute_5":  0.000000247262940181747,
    "Minute_5_Fluctuation":  0.0060997350411559252,
    "Minute_10":  0.000000247827120620805,
    "Minute_10_Fluctuation":  0.0032267713387299124,
    "Hour":  0.000000248417416574354,
    "Hour_Fluctuation":  0.0006270455815820835,
    "Day":  0.000000248544012589609,
    "Day_Fluctuation":  0.23543772680028091,
    "Week":  0.000000248549504232126,
    "Week_Fluctuation":  0.4609177413118925,
    "Updated":  "\/Date(1518113475049)\/"
}
