{
    "Live":  0.00000000001040748,
    "Minute":  0.0000000000149195716985589,
    "Minute_Fluctuation":  0.1605738635464925,
    "Minute_5":  0.0000000000159188535616377,
    "Minute_5_Fluctuation":  0.04862972061320836,
    "Minute_10":  0.0000000000161992003650708,
    "Minute_10_Fluctuation":  0.026503605814319119,
    "Hour":  0.0000000000164924673428682,
    "Hour_Fluctuation":  0.0043308324015625087,
    "Day":  0.0000000000165551497443711,
    "Day_Fluctuation":  0.23568260619584813,
    "Week":  0.0000000000165580883456004,
    "Week_Fluctuation":  0.46095690206870704,
    "Updated":  "\/Date(1518113475070)\/"
}
