{
    "Live":  0.00000000000002282,
    "Minute":  0.0000000000000212740023822301,
    "Minute_Fluctuation":  0.043510284519311319,
    "Minute_5":  0.000000000000020937751567294,
    "Minute_5_Fluctuation":  0.016621925413384833,
    "Minute_10":  0.000000000000020838463132922,
    "Minute_10_Fluctuation":  0.01021307732248782,
    "Hour":  0.0000000000000207338292090842,
    "Hour_Fluctuation":  0.0023054635514906394,
    "Day":  0.0000000000000207117805482784,
    "Day_Fluctuation":  0.23551705490424674,
    "Week":  0.0000000000000207103426247156,
    "Week_Fluctuation":  0.46092879628150085,
    "Updated":  "\/Date(1518113475043)\/"
}
