{
    "Live":  0.00000000000006931,
    "Minute":  0.0000000000000642899337166816,
    "Minute_Fluctuation":  0.054372165995942648,
    "Minute_5":  0.0000000000000633608967636911,
    "Minute_5_Fluctuation":  0.019973468334890557,
    "Minute_10":  0.0000000000000629781677957967,
    "Minute_10_Fluctuation":  0.01165773032707936,
    "Hour":  0.0000000000000625569664941756,
    "Hour_Fluctuation":  0.0020689864363970987,
    "Day":  0.0000000000000624645159908588,
    "Day_Fluctuation":  0.23550224451464058,
    "Week":  0.0000000000000624606850106238,
    "Week_Fluctuation":  0.46092906474112894,
    "Updated":  "\/Date(1518113475055)\/"
}
