{
    "Live":  0.00000000074281463,
    "Minute":  0.000000000750190228691817,
    "Minute_Fluctuation":  0.0042013468919255012,
    "Minute_5":  0.000000000752363428765477,
    "Minute_5_Fluctuation":  0.0010729635328583878,
    "Minute_10":  0.000000000752603410966428,
    "Minute_10_Fluctuation":  0.0005835877576939075,
    "Hour":  0.00000000075280217270507,
    "Hour_Fluctuation":  0.0001182318403636837,
    "Day":  0.000000000752839707942396,
    "Day_Fluctuation":  0.23541222078364551,
    "Week":  0.000000000752841778137725,
    "Week_Fluctuation":  0.46091375129806861,
    "Updated":  "\/Date(1518113474937)\/"
}
