{
    "Live":  0.00000000000899917,
    "Minute":  0.00000000000903671078101964,
    "Minute_Fluctuation":  0.0019294278136111442,
    "Minute_5":  0.00000000000904655866474933,
    "Minute_5_Fluctuation":  0.00063160631179474231,
    "Minute_10":  0.00000000000904834677029519,
    "Minute_10_Fluctuation":  0.00039180565280980356,
    "Hour":  0.00000000000905002612146107,
    "Hour_Fluctuation":  5.9136656402167142E-05,
    "Day":  0.0000000000090503552795505,
    "Day_Fluctuation":  0.23541375429827241,
    "Week":  0.00000000000905038271467217,
    "Week_Fluctuation":  0.46091421974634411,
    "Updated":  "\/Date(1518113475037)\/"
}
