{
    "Live":  0.00000000000000009,
    "Minute":  0.00000000000000009,
    "Minute_Fluctuation":  0,
    "Minute_5":  0.00000000000000009,
    "Minute_5_Fluctuation":  0,
    "Minute_10":  0.00000000000000009,
    "Minute_10_Fluctuation":  0,
    "Hour":  0.00000000000000009,
    "Hour_Fluctuation":  0,
    "Day":  0.00000000000000009,
    "Day_Fluctuation":  0.23540651513226918,
    "Week":  0.00000000000000009,
    "Week_Fluctuation":  0.46091292710024384,
    "Updated":  "\/Date(1518113474931)\/"
}
