{
    "Live":  0.00000000000077614,
    "Minute":  0.000000000000798794410718432,
    "Minute_Fluctuation":  0.017566226361267204,
    "Minute_5":  0.000000000000803366923027498,
    "Minute_5_Fluctuation":  0.0057854144579096408,
    "Minute_10":  0.000000000000804904924090449,
    "Minute_10_Fluctuation":  0.0032584475382259263,
    "Hour":  0.000000000000806553542678224,
    "Hour_Fluctuation":  0.00067476248389407864,
    "Day":  0.000000000000806908193029248,
    "Day_Fluctuation":  0.23543830522715747,
    "Week":  0.000000000000806926213881548,
    "Week_Fluctuation":  0.46091748807266153,
    "Updated":  "\/Date(1518113474947)\/"
}
