{
    "Live":  0.00000000000003902,
    "Minute":  0.0000000000000386888522798526,
    "Minute_Fluctuation":  0.0045212757876155656,
    "Minute_5":  0.0000000000000386118440676589,
    "Minute_5_Fluctuation":  0.0012421033408001798,
    "Minute_10":  0.0000000000000385931665471548,
    "Minute_10_Fluctuation":  0.00065031167307733615,
    "Hour":  0.0000000000000385742010968886,
    "Hour_Fluctuation":  0.00013265564231421356,
    "Day":  0.0000000000000385701378103313,
    "Day_Fluctuation":  0.23541343110107832,
    "Week":  0.0000000000000385700150189269,
    "Week_Fluctuation":  0.46091399203149,
    "Updated":  "\/Date(1518113474941)\/"
}
