{
    "Live":  0.00000000000076315,
    "Minute":  0.000000000000782725564950086,
    "Minute_Fluctuation":  0.01103584630395176,
    "Minute_5":  0.000000000000787703230643979,
    "Minute_5_Fluctuation":  0.0028999462669530287,
    "Minute_10":  0.000000000000788646765476264,
    "Minute_10_Fluctuation":  0.0015082808032630018,
    "Hour":  0.000000000000789561430098724,
    "Hour_Fluctuation":  0.00027674751662177654,
    "Day":  0.000000000000789752890599373,
    "Day_Fluctuation":  0.23542017670299725,
    "Week":  0.000000000000789759136064644,
    "Week_Fluctuation":  0.46091492678940649,
    "Updated":  "\/Date(1518113474962)\/"
}
