{
    "Live":  0.00000000000001216,
    "Minute":  0.0000000000000117274723542225,
    "Minute_Fluctuation":  0.020907626223336164,
    "Minute_5":  0.0000000000000116294071299922,
    "Minute_5_Fluctuation":  0.00625190522016207,
    "Minute_10":  0.0000000000000116031905656985,
    "Minute_10_Fluctuation":  0.0034071619277813605,
    "Hour":  0.0000000000000115760661207512,
    "Hour_Fluctuation":  0.00063385188739506439,
    "Day":  0.0000000000000115702219959459,
    "Day_Fluctuation":  0.23543429262811272,
    "Week":  0.000000000000011570027712022,
    "Week_Fluctuation":  0.46091694565522234,
    "Updated":  "\/Date(1518113475016)\/"
}
