{
    "Live":  0.00000000000186153,
    "Minute":  0.00000000000191234428874168,
    "Minute_Fluctuation":  0.014777093444552082,
    "Minute_5":  0.0000000000019236024187272,
    "Minute_5_Fluctuation":  0.0044341961465483781,
    "Minute_10":  0.00000000000192667742107288,
    "Minute_10_Fluctuation":  0.0024133973545774458,
    "Hour":  0.00000000000192987235818101,
    "Hour_Fluctuation":  0.00043635288859306912,
    "Day":  0.00000000000193055677030175,
    "Day_Fluctuation":  0.23542535075802479,
    "Week":  0.00000000000193058493974967,
    "Week_Fluctuation":  0.46091570931808706,
    "Updated":  "\/Date(1518113474925)\/"
}
