{
    "Live":  0.0000000002837786,
    "Minute":  0.000000000289119269034283,
    "Minute_Fluctuation":  0.013071067942463495,
    "Minute_5":  0.000000000290584279870607,
    "Minute_5_Fluctuation":  0.003671607897897848,
    "Minute_10":  0.00000000029099585740964,
    "Minute_10_Fluctuation":  0.0019240549251340314,
    "Hour":  0.000000000291424302968071,
    "Hour_Fluctuation":  0.000343333901397641,
    "Day":  0.0000000002915163714832,
    "Day_Fluctuation":  0.2379428294717803,
    "Week":  0.000000000291519978955555,
    "Week_Fluctuation":  0.46161414190827316,
    "Updated":  "\/Date(1518113477528)\/"
}
