{
    "Live":  0.00000000003020109,
    "Minute":  0.0000000000279768540773564,
    "Minute_Fluctuation":  0.05842697123502591,
    "Minute_5":  0.0000000000273410195954285,
    "Minute_5_Fluctuation":  0.016444028820383892,
    "Minute_10":  0.0000000000271681880112211,
    "Minute_10_Fluctuation":  0.0086464335245525041,
    "Hour":  0.0000000000269891263815033,
    "Hour_Fluctuation":  0.0015149428920081937,
    "Day":  0.0000000000269506876985273,
    "Day_Fluctuation":  0.23799249718529444,
    "Week":  0.0000000000269492171697803,
    "Week_Fluctuation":  0.46162129546327596,
    "Updated":  "\/Date(1518113477935)\/"
}
