{
    "Live":  0.0000000000007252,
    "Minute":  0.000000000000691736226846852,
    "Minute_Fluctuation":  0.035860097507027011,
    "Minute_5":  0.000000000000682218756509,
    "Minute_5_Fluctuation":  0.010094360788963506,
    "Minute_10":  0.000000000000679569641945589,
    "Minute_10_Fluctuation":  0.00530517997091798,
    "Hour":  0.000000000000676817749319807,
    "Hour_Fluctuation":  0.00092294708125703791,
    "Day":  0.000000000000676226215770334,
    "Day_Fluctuation":  0.23796716864060249,
    "Week":  0.000000000000676203747670754,
    "Week_Fluctuation":  0.46161767166079209,
    "Updated":  "\/Date(1518113477998)\/"
}
