{
    "Live":  0.0000000000005978,
    "Minute":  0.000000000000490344258033442,
    "Minute_Fluctuation":  0.17031970936342097,
    "Minute_5":  0.00000000000046008503304341,
    "Minute_5_Fluctuation":  0.048474612330221628,
    "Minute_10":  0.000000000000451683739530944,
    "Minute_10_Fluctuation":  0.025625500736498268,
    "Hour":  0.000000000000442958270540452,
    "Hour_Fluctuation":  0.0045171509156214885,
    "Day":  0.000000000000441082303710582,
    "Day_Fluctuation":  0.23811996426554108,
    "Week":  0.000000000000441011672181167,
    "Week_Fluctuation":  0.46163951995807856,
    "Updated":  "\/Date(1518113477838)\/"
}
