{
    "Live":  0.0000000003062206,
    "Minute":  0.00000000028153771260208,
    "Minute_Fluctuation":  0.052038408348173561,
    "Minute_5":  0.000000000273697263516215,
    "Minute_5_Fluctuation":  0.013717862302360221,
    "Minute_10":  0.000000000272161055410825,
    "Minute_10_Fluctuation":  0.0071368922001779,
    "Hour":  0.000000000270653472389633,
    "Hour_Fluctuation":  0.00128714154458158,
    "Day":  0.000000000270337938616794,
    "Day_Fluctuation":  0.237984758344792,
    "Week":  0.000000000270325397294298,
    "Week_Fluctuation":  0.46162018643035119,
    "Updated":  "\/Date(1518113477681)\/"
}
