{
    "Live":  0.0000000000062132,
    "Minute":  0.00000000000635923029142095,
    "Minute_Fluctuation":  0.014673032178657706,
    "Minute_5":  0.00000000000639658159614836,
    "Minute_5_Fluctuation":  0.031239602309388013,
    "Minute_10":  0.00000000000640666202205724,
    "Minute_10_Fluctuation":  0.026192905739091926,
    "Hour":  0.0000000000064171024274912,
    "Hour_Fluctuation":  0.0085549094383182041,
    "Day":  0.00000000000642062709746662,
    "Day_Fluctuation":  0.23593837985334848,
    "Week":  0.00000000000641942814252168,
    "Week_Fluctuation":  0.46099923429232087,
    "Updated":  "\/Date(1518113476591)\/"
}
