{
    "Live":  0.0000000000132692,
    "Minute":  0.0000000000131357091121868,
    "Minute_Fluctuation":  0.0062490668800961359,
    "Minute_5":  0.0000000000130939248865541,
    "Minute_5_Fluctuation":  0.0017791976321286298,
    "Minute_10":  0.0000000000130846883932619,
    "Minute_10_Fluctuation":  0.0009323922868195748,
    "Hour":  0.0000000000130752922363821,
    "Hour_Fluctuation":  0.00017152025468434028,
    "Day":  0.0000000000130732821970618,
    "Day_Fluctuation":  0.23793602850664727,
    "Week":  0.0000000000130732109879579,
    "Week_Fluctuation":  0.46161322561399032,
    "Updated":  "\/Date(1518113478123)\/"
}
