{
    "Live":  0.00000009307165515,
    "Minute":  0.0000000958037831436982,
    "Minute_Fluctuation":  0.0208577900828616,
    "Minute_5":  0.0000000965512750155487,
    "Minute_5_Fluctuation":  0.00590020848670734,
    "Minute_10":  0.0000000967700833942432,
    "Minute_10_Fluctuation":  0.0030952247051454951,
    "Hour":  0.0000000969991476587148,
    "Hour_Fluctuation":  0.00054463933683838593,
    "Day":  0.0000000970485752089619,
    "Day_Fluctuation":  0.2379516377951299,
    "Week":  0.0000000970504261634351,
    "Week_Fluctuation":  0.46161546293800754,
    "Updated":  "\/Date(1518113477744)\/"
}
