{
    "Live":  0.0000000000217364,
    "Minute":  0.0000000000266986787081507,
    "Minute_Fluctuation":  0.11503210426426919,
    "Minute_5":  0.0000000000279836837864263,
    "Minute_5_Fluctuation":  0.0321253396120935,
    "Minute_10":  0.0000000000283316258160695,
    "Minute_10_Fluctuation":  0.016850737736379493,
    "Hour":  0.0000000000286921108458635,
    "Hour_Fluctuation":  0.0030881824862658011,
    "Day":  0.0000000000287698227348202,
    "Day_Fluctuation":  0.23562818486946646,
    "Week":  0.0000000000287724270842843,
    "Week_Fluctuation":  0.46095508278197422,
    "Updated":  "\/Date(1518113476784)\/"
}
