{
    "Live":  0.00000008440968335,
    "Minute":  0.0000000989468788928199,
    "Minute_Fluctuation":  0.08980140389437781,
    "Minute_5":  0.000000102634340715223,
    "Minute_5_Fluctuation":  0.030669594312706751,
    "Minute_10":  0.00000010362757691735,
    "Minute_10_Fluctuation":  0.017996625481199402,
    "Hour":  0.000000104656065699234,
    "Hour_Fluctuation":  0.0038911322399744971,
    "Day":  0.000000104872564199506,
    "Day_Fluctuation":  0.23566137805904414,
    "Week":  0.0000001048851461117,
    "Week_Fluctuation":  0.46095935964720181,
    "Updated":  "\/Date(1518113476465)\/"
}
