{
    "Live":  0.000000000010437,
    "Minute":  0.0000000000102026041907205,
    "Minute_Fluctuation":  0.01685219359646669,
    "Minute_5":  0.000000000010136057083435,
    "Minute_5_Fluctuation":  0.0047345813820698236,
    "Minute_10":  0.0000000000101175445183349,
    "Minute_10_Fluctuation":  0.0024859369044281615,
    "Hour":  0.0000000000100983147191061,
    "Hour_Fluctuation":  0.00044619621540709043,
    "Day":  0.0000000000100941758535299,
    "Day_Fluctuation":  0.23794774912402197,
    "Week":  0.0000000000100940242901718,
    "Week_Fluctuation":  0.46161489990105292,
    "Updated":  "\/Date(1518113477966)\/"
}
