{
    "Live":  0.0000000000153762,
    "Minute":  0.0000000000146538190806241,
    "Minute_Fluctuation":  0.035488370542405917,
    "Minute_5":  0.0000000000144534043898848,
    "Minute_5_Fluctuation":  0.0099743277043129221,
    "Minute_10":  0.0000000000143980110135034,
    "Minute_10_Fluctuation":  0.0052366975177344077,
    "Hour":  0.0000000000143405023497686,
    "Hour_Fluctuation":  0.00092626262932856394,
    "Day":  0.00000000001432813572808,
    "Day_Fluctuation":  0.23796757420479672,
    "Week":  0.0000000000143276752049374,
    "Week_Fluctuation":  0.46161767524905173,
    "Updated":  "\/Date(1518113477592)\/"
}
