{
    "Live":  0.0000000000200214,
    "Minute":  0.0000000000205602406439353,
    "Minute_Fluctuation":  0.0177713960421846,
    "Minute_5":  0.0000000000207053857885037,
    "Minute_5_Fluctuation":  0.0049618882147745248,
    "Minute_10":  0.0000000000207451252684746,
    "Minute_10_Fluctuation":  0.0025956622761190221,
    "Hour":  0.0000000000207863517446846,
    "Hour_Fluctuation":  0.00045105732175614895,
    "Day":  0.0000000000207952060523513,
    "Day_Fluctuation":  0.23794713148158689,
    "Week":  0.0000000000207955435054589,
    "Week_Fluctuation":  0.46161477335319523,
    "Updated":  "\/Date(1518113477113)\/"
}
