{
    "Live":  0.0000000001485386,
    "Minute":  0.000000000145315566065595,
    "Minute_Fluctuation":  0.01474002418018136,
    "Minute_5":  0.000000000144373902458859,
    "Minute_5_Fluctuation":  0.0040739030374635334,
    "Minute_10":  0.000000000144142859710298,
    "Minute_10_Fluctuation":  0.0021317811311960993,
    "Hour":  0.000000000143906805885217,
    "Hour_Fluctuation":  0.00037632463266527096,
    "Day":  0.00000000014385637970708,
    "Day_Fluctuation":  0.23794406155212905,
    "Week":  0.000000000143854505676779,
    "Week_Fluctuation":  0.46161431498537642,
    "Updated":  "\/Date(1518113477651)\/"
}
