{
    "Live":  0.000000000000134848,
    "Minute":  0.000000000000127856673105755,
    "Minute_Fluctuation":  0.037050915168493008,
    "Minute_5":  0.000000000000125895292155341,
    "Minute_5_Fluctuation":  0.010354022356687507,
    "Minute_10":  0.00000000000012539031268865,
    "Minute_10_Fluctuation":  0.0054271059330418033,
    "Hour":  0.000000000000124870310714623,
    "Hour_Fluctuation":  0.00094510535638585281,
    "Day":  0.000000000000124758954192446,
    "Day_Fluctuation":  0.23796789221456732,
    "Week":  0.000000000000124754710652245,
    "Week_Fluctuation":  0.46161773084664215,
    "Updated":  "\/Date(1518113477339)\/"
}
