{
    "Live":  0.0000000000162484,
    "Minute":  0.0000000000154347152658247,
    "Minute_Fluctuation":  0.038515279839568518,
    "Minute_5":  0.0000000000152064202235818,
    "Minute_5_Fluctuation":  0.010835068991126347,
    "Minute_10":  0.000000000015143105620423,
    "Minute_10_Fluctuation":  0.0056920281244082545,
    "Hour":  0.0000000000150773557409459,
    "Hour_Fluctuation":  0.0009960488218523412,
    "Day":  0.0000000000150632214050398,
    "Day_Fluctuation":  0.23797055675182627,
    "Week":  0.0000000000150626882738814,
    "Week_Fluctuation":  0.46161816481205786,
    "Updated":  "\/Date(1518113477776)\/"
}
