{
    "Live":  0.0000000001543304,
    "Minute":  0.000000000152030660380455,
    "Minute_Fluctuation":  0.0096149809496618478,
    "Minute_5":  0.000000000151450701563694,
    "Minute_5_Fluctuation":  0.0047209705879504432,
    "Minute_10":  0.00000000015129475057535,
    "Minute_10_Fluctuation":  0.0031761329488281089,
    "Hour":  0.000000000151133293445254,
    "Hour_Fluctuation":  0.00034735897499519415,
    "Day":  0.000000000151100664368548,
    "Day_Fluctuation":  0.23553889632484648,
    "Week":  0.000000000151097334740809,
    "Week_Fluctuation":  0.46094435391710514,
    "Updated":  "\/Date(1518113476375)\/"
}
