{
    "Live":  0.0000000000189434,
    "Minute":  0.0000000000248758263561647,
    "Minute_Fluctuation":  0.14060523180244811,
    "Minute_5":  0.0000000000263654741644555,
    "Minute_5_Fluctuation":  0.050792074206087681,
    "Minute_10":  0.0000000000267656157293641,
    "Minute_10_Fluctuation":  0.030568690538216679,
    "Hour":  0.0000000000271798404511427,
    "Hour_Fluctuation":  0.0068115139865445292,
    "Day":  0.0000000000272665391212734,
    "Day_Fluctuation":  0.23580059890920727,
    "Week":  0.0000000000272720884894048,
    "Week_Fluctuation":  0.46097932854738688,
    "Updated":  "\/Date(1518113476309)\/"
}
