{
    "Live":  0.000000000009261,
    "Minute":  0.0000000000127097747405172,
    "Minute_Fluctuation":  0.15406024451512629,
    "Minute_5":  0.0000000000135532337489573,
    "Minute_5_Fluctuation":  0.042503857421760008,
    "Minute_10":  0.0000000000137782871446566,
    "Minute_10_Fluctuation":  0.02213510682910344,
    "Hour":  0.0000000000140110845745477,
    "Hour_Fluctuation":  0.0049329155301084324,
    "Day":  0.0000000000140616519109013,
    "Day_Fluctuation":  0.23573841755352007,
    "Week":  0.0000000000140629074550136,
    "Week_Fluctuation":  0.46097052341382805,
    "Updated":  "\/Date(1518113475911)\/"
}
