{
    "Live":  0.0000000000090552,
    "Minute":  0.00000000000538001402380733,
    "Minute_Fluctuation":  0.56133194528054275,
    "Minute_5":  0.00000000000443809438574416,
    "Minute_5_Fluctuation":  0.17029194436090395,
    "Minute_10":  0.00000000000418375231186773,
    "Minute_10_Fluctuation":  0.094106986048544422,
    "Hour":  0.00000000000392031197274812,
    "Hour_Fluctuation":  0.017618249001606981,
    "Day":  0.00000000000386397000089484,
    "Day_Fluctuation":  0.23624114614772615,
    "Week":  0.00000000000386162587199426,
    "Week_Fluctuation":  0.4610422303545208,
    "Updated":  "\/Date(1518113476621)\/"
}
