{
    "Live":  0.00000000003369117,
    "Minute":  0.0000000000332006163885183,
    "Minute_Fluctuation":  0.0095882051765510887,
    "Minute_5":  0.0000000000330746638857069,
    "Minute_5_Fluctuation":  0.0077996158784083393,
    "Minute_10":  0.0000000000330406424140321,
    "Minute_10_Fluctuation":  0.0058749502993260651,
    "Hour":  0.0000000000330054030700219,
    "Hour_Fluctuation":  0.001676917364980384,
    "Day":  0.0000000000329989582636983,
    "Day_Fluctuation":  0.23556450725514017,
    "Week":  0.0000000000329975527495318,
    "Week_Fluctuation":  0.46094549819657821,
    "Updated":  "\/Date(1518113476652)\/"
}
