{
    "Live":  0.0000000000007742,
    "Minute":  0.000000000000788098038100557,
    "Minute_Fluctuation":  0.011258004242955416,
    "Minute_5":  0.000000000000791645569638156,
    "Minute_5_Fluctuation":  0.00826709912201358,
    "Minute_10":  0.000000000000792602377492071,
    "Minute_10_Fluctuation":  0.0061212872058296246,
    "Hour":  0.000000000000793593283940362,
    "Hour_Fluctuation":  0.0022698494351248827,
    "Day":  0.000000000000793850286290211,
    "Day_Fluctuation":  0.2356153457226805,
    "Week":  0.000000000000793814011054608,
    "Week_Fluctuation":  0.46095284778249462,
    "Updated":  "\/Date(1518113476560)\/"
}
