{
    "Live":  0.0000000000169148,
    "Minute":  0.0000000000183208311115015,
    "Minute_Fluctuation":  0.052053734253309593,
    "Minute_5":  0.000000000018703953079191,
    "Minute_5_Fluctuation":  0.014492612138990106,
    "Minute_10":  0.0000000000188094057026509,
    "Minute_10_Fluctuation":  0.0075736535737893629,
    "Hour":  0.0000000000189188447474537,
    "Hour_Fluctuation":  0.0013163609328677001,
    "Day":  0.0000000000189423526356172,
    "Day_Fluctuation":  0.23798355984592617,
    "Week":  0.0000000000189432496434482,
    "Week_Fluctuation":  0.46161997071895433,
    "Updated":  "\/Date(1518113477306)\/"
}
