{
    "Live":  0.000000000127351,
    "Minute":  0.0000000000849292378690247,
    "Minute_Fluctuation":  0.41654320515917831,
    "Minute_5":  0.0000000000731221673974932,
    "Minute_5_Fluctuation":  0.11914357321772517,
    "Minute_10":  0.0000000000699487541071176,
    "Minute_10_Fluctuation":  0.063574077980659435,
    "Hour":  0.0000000000666689724626206,
    "Hour_Fluctuation":  0.011271852865099932,
    "Day":  0.0000000000659657468160114,
    "Day_Fluctuation":  0.23840534097543667,
    "Week":  0.0000000000659389027122656,
    "Week_Fluctuation":  0.46168025089781645,
    "Updated":  "\/Date(1518113477466)\/"
}
