{
    "Live":  0.000000000000147,
    "Minute":  0.00000000000141116452766332,
    "Minute_Fluctuation":  0.45233100270609539,
    "Minute_5":  0.00000000000172792627881698,
    "Minute_5_Fluctuation":  0.12610681776960975,
    "Minute_10":  0.00000000000181296979998254,
    "Minute_10_Fluctuation":  0.066889794558120649,
    "Hour":  0.00000000000190100099637559,
    "Hour_Fluctuation":  0.013997872563593871,
    "Day":  0.00000000000191967069399154,
    "Day_Fluctuation":  0.23616695316712047,
    "Week":  0.00000000000192060492322631,
    "Week_Fluctuation":  0.46103187435384718,
    "Updated":  "\/Date(1518113476278)\/"
}
