{
    "Live":  0.0000000000027048,
    "Minute":  0.00000000000289458057394516,
    "Minute_Fluctuation":  0.039521875238274731,
    "Minute_5":  0.00000000000294119417688868,
    "Minute_5_Fluctuation":  0.011629144528064992,
    "Minute_10":  0.00000000000295365209432854,
    "Minute_10_Fluctuation":  0.0062962444607849843,
    "Hour":  0.00000000000296654131324144,
    "Hour_Fluctuation":  0.0017495151009959209,
    "Day":  0.00000000000296938727676794,
    "Day_Fluctuation":  0.23558189090534554,
    "Week":  0.00000000000296941086992395,
    "Week_Fluctuation":  0.46094806485939377,
    "Updated":  "\/Date(1518113475980)\/"
}
