{
    "Live":  0.0000000000010878,
    "Minute":  0.00000000000122291571187834,
    "Minute_Fluctuation":  0.075513414137459892,
    "Minute_5":  0.00000000000126032621672237,
    "Minute_5_Fluctuation":  0.020990590454145235,
    "Minute_10":  0.00000000000127066190824863,
    "Minute_10_Fluctuation":  0.01096431930286822,
    "Hour":  0.00000000000128139193333066,
    "Hour_Fluctuation":  0.0019088873157975012,
    "Day":  0.00000000000128369702929734,
    "Day_Fluctuation":  0.2380086238267439,
    "Week":  0.00000000000128378518808517,
    "Week_Fluctuation":  0.46162354254456206,
    "Updated":  "\/Date(1518113477559)\/"
}
