{
    "Live":  0.000000000336532,
    "Minute":  0.000000000329429174247446,
    "Minute_Fluctuation":  0.013761454189731598,
    "Minute_5":  0.000000000327634751491768,
    "Minute_5_Fluctuation":  0.0093003862804234162,
    "Minute_10":  0.000000000327151933891981,
    "Minute_10_Fluctuation":  0.0067479180297696758,
    "Hour":  0.000000000326652033068911,
    "Hour_Fluctuation":  0.0022512485836964154,
    "Day":  0.000000000326528038392882,
    "Day_Fluctuation":  0.23560772562863125,
    "Week":  0.000000000326540694184857,
    "Week_Fluctuation":  0.46095174174223136,
    "Updated":  "\/Date(1518113476404)\/"
}
