{
    "Live":  0.000000000003136,
    "Minute":  0.00000000000349816776412019,
    "Minute_Fluctuation":  0.075766779769193021,
    "Minute_5":  0.00000000000359708986300001,
    "Minute_5_Fluctuation":  0.021456183946068894,
    "Minute_10":  0.00000000000362684941497533,
    "Minute_10_Fluctuation":  0.011239188688066903,
    "Hour":  0.00000000000365814066767023,
    "Hour_Fluctuation":  0.0019964870374080965,
    "Day":  0.00000000000366490900747302,
    "Day_Fluctuation":  0.23801429302165342,
    "Week":  0.0000000000036651594328432,
    "Week_Fluctuation":  0.46162441679308591,
    "Updated":  "\/Date(1518113477903)\/"
}
