{
    "Live":  0.0000000002149728,
    "Minute":  0.000000000135757533507726,
    "Minute_Fluctuation":  0.44191482992812364,
    "Minute_5":  0.000000000116041711086767,
    "Minute_5_Fluctuation":  0.12948705731410776,
    "Minute_10":  0.000000000110755171344527,
    "Minute_10_Fluctuation":  0.069934480436427568,
    "Hour":  0.000000000105283521977457,
    "Hour_Fluctuation":  0.013081669190046179,
    "Day":  0.00000000010411334186545,
    "Day_Fluctuation":  0.23605760328616907,
    "Week":  0.000000000104065105072746,
    "Week_Fluctuation":  0.46101603509457029,
    "Updated":  "\/Date(1518113476179)\/"
}
