{
    "Live":  0.0000000000226184,
    "Minute":  0.0000000000233469607800854,
    "Minute_Fluctuation":  0.02374330538441121,
    "Minute_5":  0.0000000000235495195492396,
    "Minute_5_Fluctuation":  0.00661905054814039,
    "Minute_10":  0.0000000000236096748253947,
    "Minute_10_Fluctuation":  0.0034710194475144865,
    "Hour":  0.0000000000236724769476853,
    "Hour_Fluctuation":  0.00060472759024011492,
    "Day":  0.000000000023685998087971,
    "Day_Fluctuation":  0.23795386330939955,
    "Week":  0.0000000000236865136685066,
    "Week_Fluctuation":  0.46161576961270528,
    "Updated":  "\/Date(1518113478058)\/"
}
