{
    "Live":  0.0000000000090356,
    "Minute":  0.000000000011996505385097,
    "Minute_Fluctuation":  0.15788896536524344,
    "Minute_5":  0.000000000012803277518261,
    "Minute_5_Fluctuation":  0.043038142418967737,
    "Minute_10":  0.0000000000130219495848817,
    "Minute_10_Fluctuation":  0.0223648350910936,
    "Hour":  0.0000000000132479832574507,
    "Hour_Fluctuation":  0.0038617869020363812,
    "Day":  0.0000000000132964458948902,
    "Day_Fluctuation":  0.23809049088943135,
    "Week":  0.000000000013298291258066,
    "Week_Fluctuation":  0.46163525391095928,
    "Updated":  "\/Date(1518113477209)\/"
}
