{
    "Live":  0.0000000000054782,
    "Minute":  0.00000000000510909686048181,
    "Minute_Fluctuation":  0.049755750939614762,
    "Minute_5":  0.00000000000499857840232656,
    "Minute_5_Fluctuation":  0.013439947154648312,
    "Minute_10":  0.00000000000497203378094227,
    "Minute_10_Fluctuation":  0.007030048680744993,
    "Hour":  0.0000000000049451616211585,
    "Hour_Fluctuation":  0.0012310198756069436,
    "Day":  0.00000000000493944935435173,
    "Day_Fluctuation":  0.23798065104206689,
    "Week":  0.00000000000493923526923614,
    "Week_Fluctuation":  0.46161960520215645,
    "Updated":  "\/Date(1518113477874)\/"
}
