{
    "Live":  0.000000000000147,
    "Minute":  0.00000000000016052928025687,
    "Minute_Fluctuation":  0.057816090517720159,
    "Minute_5":  0.000000000000164260669085348,
    "Minute_5_Fluctuation":  0.016096772832294392,
    "Minute_10":  0.000000000000165290755916338,
    "Minute_10_Fluctuation":  0.0084135662149498538,
    "Hour":  0.000000000000166360056114003,
    "Hour_Fluctuation":  0.0014564449882519207,
    "Day":  0.000000000000166589818030691,
    "Day_Fluctuation":  0.23798914375762259,
    "Week":  0.00000000000016659854444196,
    "Week_Fluctuation":  0.46162075975189082,
    "Updated":  "\/Date(1518113477498)\/"
}
