{
    "Live":  0.0000000000000975296,
    "Minute":  0.0000000000000893900594079088,
    "Minute_Fluctuation":  0.056798995533597317,
    "Minute_5":  0.0000000000000874074182313301,
    "Minute_5_Fluctuation":  0.025484145797246754,
    "Minute_10":  0.000000000000086879077872376,
    "Minute_10_Fluctuation":  0.016635682535412318,
    "Hour":  0.0000000000000863326236787441,
    "Hour_Fluctuation":  0.0028311316010571439,
    "Day":  0.0000000000000862143309060989,
    "Day_Fluctuation":  0.23562937868095071,
    "Week":  0.0000000000000862109856155125,
    "Week_Fluctuation":  0.46096260624418128,
    "Updated":  "\/Date(1518113475850)\/"
}
