{
    "Live":  0.0000000000116424,
    "Minute":  0.0000000000111648030525921,
    "Minute_Fluctuation":  0.028082518195308347,
    "Minute_5":  0.0000000000110418576773283,
    "Minute_5_Fluctuation":  0.017832203145651277,
    "Minute_10":  0.0000000000110086207464518,
    "Minute_10_Fluctuation":  0.01285412655661069,
    "Hour":  0.0000000000109741903801863,
    "Hour_Fluctuation":  0.0036686455165301276,
    "Day":  0.0000000000109675929220775,
    "Day_Fluctuation":  0.23566934386804517,
    "Week":  0.0000000000109665198533589,
    "Week_Fluctuation":  0.46096055825799304,
    "Updated":  "\/Date(1518113476686)\/"
}
