{
    "Live":  0.00000059682945,
    "Minute":  0.000000544013553963877,
    "Minute_Fluctuation":  0.061166048945773765,
    "Minute_5":  0.000000531068101500172,
    "Minute_5_Fluctuation":  0.017111214779595856,
    "Minute_10":  0.000000527610140562701,
    "Minute_10_Fluctuation":  0.00895917814488054,
    "Hour":  0.000000524032713756636,
    "Hour_Fluctuation":  0.0016962463730485181,
    "Day":  0.000000523268453776563,
    "Day_Fluctuation":  0.23555747353596865,
    "Week":  0.000000523236292644049,
    "Week_Fluctuation":  0.46094450246628005,
    "Updated":  "\/Date(1518113475946)\/"
}
