{
    "Live":  0.0000000000662382,
    "Minute":  0.0000000000703928461437544,
    "Minute_Fluctuation":  0.0425366306920439,
    "Minute_5":  0.0000000000715811783467478,
    "Minute_5_Fluctuation":  0.011884127210698148,
    "Minute_10":  0.0000000000719124239321504,
    "Minute_10_Fluctuation":  0.0062247820791114395,
    "Hour":  0.0000000000722565551942319,
    "Hour_Fluctuation":  0.0010909130044380998,
    "Day":  0.0000000000723305632817243,
    "Day_Fluctuation":  0.23797469234030585,
    "Week":  0.0000000000723333421412153,
    "Week_Fluctuation":  0.46161875121322016,
    "Updated":  "\/Date(1518113478089)\/"
}
