{
    "Live":  0.0000000000075063,
    "Minute":  0.00000000000714807859206738,
    "Minute_Fluctuation":  0.031532378822459114,
    "Minute_5":  0.00000000000705933965755834,
    "Minute_5_Fluctuation":  0.016563177516451963,
    "Minute_10":  0.00000000000703557049180024,
    "Minute_10_Fluctuation":  0.011333675106916189,
    "Hour":  0.00000000000701097135559397,
    "Hour_Fluctuation":  0.0023247951311436863,
    "Day":  0.00000000000700636243915507,
    "Day_Fluctuation":  0.23579980340263382,
    "Week":  0.0000000000070054939564156,
    "Week_Fluctuation":  0.4609889247762059,
    "Updated":  "\/Date(1518113476110)\/"
}
