{
    "Live":  0.000000000000016758,
    "Minute":  0.0000000000000125187668220975,
    "Minute_Fluctuation":  0.22881336202218072,
    "Minute_5":  0.0000000000000114840201814359,
    "Minute_5_Fluctuation":  0.080353863156804234,
    "Minute_10":  0.0000000000000112081121237668,
    "Minute_10_Fluctuation":  0.047885832999435857,
    "Hour":  0.0000000000000109227277071806,
    "Hour_Fluctuation":  0.010522581710566067,
    "Day":  0.0000000000000108627232999332,
    "Day_Fluctuation":  0.23597413881035179,
    "Week":  0.000000000000010859200494595,
    "Week_Fluctuation":  0.46100423606665047,
    "Updated":  "\/Date(1518113475881)\/"
}
