{
    "Live":  0.000000000000882,
    "Minute":  0.000000000000798949540293996,
    "Minute_Fluctuation":  0.0696911025002506,
    "Minute_5":  0.000000000000777530488381012,
    "Minute_5_Fluctuation":  0.025003394288868844,
    "Minute_10":  0.000000000000771737257609629,
    "Minute_10_Fluctuation":  0.014982080700145228,
    "Hour":  0.000000000000765735734323071,
    "Hour_Fluctuation":  0.0032998267070843512,
    "Day":  0.000000000000764419975350962,
    "Day_Fluctuation":  0.23563389795781176,
    "Week":  0.000000000000764398658547462,
    "Week_Fluctuation":  0.46095542047842308,
    "Updated":  "\/Date(1518113476719)\/"
}
