{
    "Live":  0.0000000000115444,
    "Minute":  0.0000000000142775060245774,
    "Minute_Fluctuation":  0.11882022723501282,
    "Minute_5":  0.0000000000149881576571776,
    "Minute_5_Fluctuation":  0.033494792970346,
    "Minute_10":  0.0000000000151807568263614,
    "Minute_10_Fluctuation":  0.017678680822458721,
    "Hour":  0.0000000000153803206764182,
    "Hour_Fluctuation":  0.0035144674440863691,
    "Day":  0.0000000000154227534050207,
    "Day_Fluctuation":  0.23566820404974309,
    "Week":  0.0000000000154247862626345,
    "Week_Fluctuation":  0.4609612639897504,
    "Updated":  "\/Date(1518113476849)\/"
}
