{
    "Live":  0.0000000000006958,
    "Minute":  0.000000000000675055618809638,
    "Minute_Fluctuation":  0.020197405611584531,
    "Minute_5":  0.000000000000669693888626549,
    "Minute_5_Fluctuation":  0.007188218016117587,
    "Minute_10":  0.000000000000668242832030629,
    "Minute_10_Fluctuation":  0.0042992552793992963,
    "Hour":  0.000000000000666739536584658,
    "Hour_Fluctuation":  0.0009673544214605362,
    "Day":  0.000000000000666424309772229,
    "Day_Fluctuation":  0.23552542940358662,
    "Week":  0.000000000000666404610098495,
    "Week_Fluctuation":  0.46093987289898075,
    "Updated":  "\/Date(1518113476753)\/"
}
