{
    "Live":  0.0000000000019502,
    "Minute":  0.0000000000100646371543674,
    "Minute_Fluctuation":  0.4209578004067106,
    "Minute_5":  0.0000000000121270777851304,
    "Minute_5_Fluctuation":  0.14632321951335692,
    "Minute_10":  0.0000000000126828434351634,
    "Minute_10_Fluctuation":  0.088079221545193626,
    "Hour":  0.0000000000132583643420402,
    "Hour_Fluctuation":  0.016861753250864361,
    "Day":  0.0000000000133834590939065,
    "Day_Fluctuation":  0.23622415053118376,
    "Week":  0.000000000013386556678365,
    "Week_Fluctuation":  0.46104921505431934,
    "Updated":  "\/Date(1518113476495)\/"
}
