{
    "Live":  0.0000000000055762,
    "Minute":  0.00000000000569089790227005,
    "Minute_Fluctuation":  0.014222143239703808,
    "Minute_5":  0.00000000000572277711852698,
    "Minute_5_Fluctuation":  0.00397875616334182,
    "Minute_10":  0.00000000000573159292971688,
    "Minute_10_Fluctuation":  0.00208434069981407,
    "Hour":  0.00000000000574074577088629,
    "Hour_Fluctuation":  0.00036423586479576974,
    "Day":  0.00000000000574271204040029,
    "Day_Fluctuation":  0.23794337530256215,
    "Week":  0.00000000000574278733358678,
    "Week_Fluctuation":  0.46161421512850448,
    "Updated":  "\/Date(1518113477621)\/"
}
