{
    "Live":  0.000000000005145,
    "Minute":  0.00000000000550769159911068,
    "Minute_Fluctuation":  0.040795816796343219,
    "Minute_5":  0.0000000000055989667333868,
    "Minute_5_Fluctuation":  0.01371464066921297,
    "Minute_10":  0.00000000000562349847447678,
    "Minute_10_Fluctuation":  0.0079921389234583039,
    "Hour":  0.00000000000564889499629163,
    "Hour_Fluctuation":  0.0011123996064661243,
    "Day":  0.00000000000565430398827781,
    "Day_Fluctuation":  0.23556115062856881,
    "Week":  0.00000000000565455098070259,
    "Week_Fluctuation":  0.46094797619686589,
    "Updated":  "\/Date(1518113476344)\/"
}
