{
    "Live":  0.0000000000025088,
    "Minute":  0.00000000000242722629008496,
    "Minute_Fluctuation":  0.0235209054299532,
    "Minute_5":  0.00000000000240505241942644,
    "Minute_5_Fluctuation":  0.0065958750539851993,
    "Minute_10":  0.00000000000239895178334116,
    "Minute_10_Fluctuation":  0.003458412867579429,
    "Hour":  0.00000000000239262079272274,
    "Hour_Fluctuation":  0.00061293571021812519,
    "Day":  0.00000000000239126182659933,
    "Day_Fluctuation":  0.23795438014445891,
    "Week":  0.00000000000239120901834097,
    "Week_Fluctuation":  0.461615804532041,
    "Updated":  "\/Date(1518113477270)\/"
}
