{
    "Live":  0.0000000000001519784,
    "Minute":  0.000000000000120600223766559,
    "Minute_Fluctuation":  0.17373651332380752,
    "Minute_5":  0.00000000000011286083108916,
    "Minute_5_Fluctuation":  0.0660020332131855,
    "Minute_10":  0.000000000000110789975404514,
    "Minute_10_Fluctuation":  0.040757279717061973,
    "Hour":  0.000000000000108647105672909,
    "Hour_Fluctuation":  0.0094712318407223512,
    "Day":  0.00000000000010820047310973,
    "Day_Fluctuation":  0.23593475946816547,
    "Week":  0.000000000000108169996155622,
    "Week_Fluctuation":  0.46099861406196996,
    "Updated":  "\/Date(1518113476045)\/"
}
