{
    "Live":  0.0000000000001764,
    "Minute":  0.000000000000162408707953747,
    "Minute_Fluctuation":  0.055227053159446642,
    "Minute_5":  0.000000000000158919011767679,
    "Minute_5_Fluctuation":  0.031025485382592539,
    "Minute_10":  0.000000000000157982811170239,
    "Minute_10_Fluctuation":  0.021528125177352028,
    "Hour":  0.000000000000157013785554075,
    "Hour_Fluctuation":  0.0046879749761589871,
    "Day":  0.000000000000156796159282748,
    "Day_Fluctuation":  0.23567521623950324,
    "Week":  0.000000000000156797999282004,
    "Week_Fluctuation":  0.46096131045133887,
    "Updated":  "\/Date(1518113476211)\/"
}
