{
    "Live":  0.000000000379113,
    "Minute":  0.000000000307559172584919,
    "Minute_Fluctuation":  0.15653527827096042,
    "Minute_5":  0.000000000289665580181547,
    "Minute_5_Fluctuation":  0.061595154435204552,
    "Minute_10":  0.000000000284864125851252,
    "Minute_10_Fluctuation":  0.038596841020461292,
    "Hour":  0.000000000279894257593463,
    "Hour_Fluctuation":  0.0086761604840739741,
    "Day":  0.000000000278857090630215,
    "Day_Fluctuation":  0.23587977498144025,
    "Week":  0.000000000278787535073262,
    "Week_Fluctuation":  0.46099066955295459,
    "Updated":  "\/Date(1518113476247)\/"
}
