{
    "Live":  0.000000000006258525,
    "Minute":  0.00000000000612940041897567,
    "Minute_Fluctuation":  0.014825287410875028,
    "Minute_5":  0.00000000000609400476030361,
    "Minute_5_Fluctuation":  0.0041559286769170291,
    "Minute_10":  0.00000000000608424840472026,
    "Minute_10_Fluctuation":  0.0021788929521910508,
    "Hour":  0.00000000000607412194276803,
    "Hour_Fluctuation":  0.00038071362765359443,
    "Day":  0.00000000000607194563128153,
    "Day_Fluctuation":  0.23794414033082723,
    "Week":  0.00000000000607186357995538,
    "Week_Fluctuation":  0.46161433516397243,
    "Updated":  "\/Date(1518113477401)\/"
}
