{
    "Live":  0.0000000000005488,
    "Minute":  0.000000000000555520562629069,
    "Minute_Fluctuation":  0.00867399446305737,
    "Minute_5":  0.000000000000557409341134202,
    "Minute_5_Fluctuation":  0.0024294022726016134,
    "Minute_10":  0.000000000000557933488095565,
    "Minute_10_Fluctuation":  0.0012735886243369838,
    "Hour":  0.000000000000558477824864369,
    "Hour_Fluctuation":  0.00022106286736566717,
    "Day":  0.000000000000558594815316081,
    "Day_Fluctuation":  0.23793772108554365,
    "Week":  0.000000000000558599258825137,
    "Week_Fluctuation":  0.46161347143645526,
    "Updated":  "\/Date(1518113477806)\/"
}
