{
    "Live":  0.0000000000000804972,
    "Minute":  0.0000000000000758142475438935,
    "Minute_Fluctuation":  0.042091896089536007,
    "Minute_5":  0.000000000000074523794286368,
    "Minute_5_Fluctuation":  0.011647126440452637,
    "Minute_10":  0.0000000000000741875872561104,
    "Minute_10_Fluctuation":  0.0060999840661365694,
    "Hour":  0.000000000000073841854379098,
    "Hour_Fluctuation":  0.0010617757122036635,
    "Day":  0.0000000000000737678906634264,
    "Day_Fluctuation":  0.23797289072684377,
    "Week":  0.0000000000000737650720992549,
    "Week_Fluctuation":  0.46161845569362736,
    "Updated":  "\/Date(1518113477143)\/"
}
