{
    "Live":  0.0000000000000792,
    "Minute":  0.0000000000000791992244697308,
    "Minute_Fluctuation":  6.0575472307470141E-06,
    "Minute_5":  0.0000000000000791990327613619,
    "Minute_5_Fluctuation":  2.1572861559602795E-06,
    "Minute_10":  0.0000000000000791989814390771,
    "Minute_10_Fluctuation":  1.291094557898468E-06,
    "Hour":  0.0000000000000791989283286754,
    "Hour_Fluctuation":  0.00098536282158637081,
    "Day":  0.0000000000000791958177990656,
    "Day_Fluctuation":  0.23556693572050513,
    "Week":  0.0000000000000791989165032454,
    "Week_Fluctuation":  0.460945963540383,
    "Updated":  "\/Date(1518113476079)\/"
}
