{
    "Live":  0.0000000001202558,
    "Minute":  0.0000000000882549770409931,
    "Minute_Fluctuation":  0.26705607007262944,
    "Minute_5":  0.0000000000799536379597748,
    "Minute_5_Fluctuation":  0.078018771745442556,
    "Minute_10":  0.0000000000777046964179168,
    "Minute_10_Fluctuation":  0.041967297864852961,
    "Hour":  0.0000000000753745255185511,
    "Hour_Fluctuation":  0.0070565204932476183,
    "Day":  0.0000000000748737126110675,
    "Day_Fluctuation":  0.23581334620661082,
    "Week":  0.0000000000748553440533524,
    "Week_Fluctuation":  0.46098350907409374,
    "Updated":  "\/Date(1518113476814)\/"
}
