{
    "Live":  0.0000000000156408,
    "Minute":  0.000000000019011572750035,
    "Minute_Fluctuation":  0.10395393870072667,
    "Minute_5":  0.0000000000198413318303984,
    "Minute_5_Fluctuation":  0.045196109409951585,
    "Minute_10":  0.000000000020063217792721,
    "Minute_10_Fluctuation":  0.029163315453698255,
    "Hour":  0.0000000000202928007708002,
    "Hour_Fluctuation":  0.0064640722884273041,
    "Day":  0.0000000000203403728376981,
    "Day_Fluctuation":  0.23576871170259139,
    "Week":  0.0000000000203439151713706,
    "Week_Fluctuation":  0.46097474636497965,
    "Updated":  "\/Date(1518113476014)\/"
}
