{
    "Live":  0.0000000017552799,
    "Minute":  0.00000000175420484263063,
    "Minute_Fluctuation":  0.0010829372386425328,
    "Minute_5":  0.00000000175336762685345,
    "Minute_5_Fluctuation":  0.00041661839473203417,
    "Minute_10":  0.00000000175348718751517,
    "Minute_10_Fluctuation":  0.00021583563997604131,
    "Hour":  0.00000000175366912110613,
    "Hour_Fluctuation":  3.8506039058938186E-05,
    "Day":  0.0000000017537135290381,
    "Day_Fluctuation":  0.23793001091354668,
    "Week":  0.00000000175371537090603,
    "Week_Fluctuation":  0.46161235474454487,
    "Updated":  "\/Date(1518113477713)\/"
}
