{
    "Live":  0.0000000000003822,
    "Minute":  0.000000000000416940501489314,
    "Minute_Fluctuation":  0.052063634326781724,
    "Minute_5":  0.000000000000425786505106824,
    "Minute_5_Fluctuation":  0.019239910294910765,
    "Minute_10":  0.000000000000428171494979375,
    "Minute_10_Fluctuation":  0.011695901788889546,
    "Hour":  0.000000000000430641397150929,
    "Hour_Fluctuation":  0.0026994353907071836,
    "Day":  0.000000000000431156693817579,
    "Day_Fluctuation":  0.23560958298296089,
    "Week":  0.000000000000431191562690718,
    "Week_Fluctuation":  0.46095195007856088,
    "Updated":  "\/Date(1518113476525)\/"
}
