{
    "Live":  0.0000000021078585,
    "Minute":  0.00000000230590803996342,
    "Minute_Fluctuation":  0.053271486412596325,
    "Minute_5":  0.0000000023560475375799,
    "Minute_5_Fluctuation":  0.035901724956246807,
    "Minute_10":  0.00000000236954423873741,
    "Minute_10_Fluctuation":  0.026355188151491151,
    "Hour":  0.00000000238351907554598,
    "Hour_Fluctuation":  0.00588254739935374,
    "Day":  0.0000000023867163957625,
    "Day_Fluctuation":  0.23573438396340557,
    "Week":  0.00000000238663165480844,
    "Week_Fluctuation":  0.4609717675930472,
    "Updated":  "\/Date(1518113476435)\/"
}
