{
    "Live":  0.0000000000167482,
    "Minute":  0.000000000016395689843651,
    "Minute_Fluctuation":  0.01308452519963722,
    "Minute_5":  0.000000000016309797240108,
    "Minute_5_Fluctuation":  0.0065882098372724487,
    "Minute_10":  0.0000000000162870580368139,
    "Minute_10_Fluctuation":  0.0044792493919346352,
    "Hour":  0.0000000000162635745171927,
    "Hour_Fluctuation":  0.0011975884006685516,
    "Day":  0.000000000016258887419713,
    "Day_Fluctuation":  0.2355404941277584,
    "Week":  0.0000000000162583509035299,
    "Week_Fluctuation":  0.46094210525878848,
    "Updated":  "\/Date(1518113475816)\/"
}
