{
    "Live":  0.000000000000006958,
    "Minute":  0.0000000000000092807529497062,
    "Minute_Fluctuation":  0.16006684527020343,
    "Minute_5":  0.00000000000000990831424441,
    "Minute_5_Fluctuation":  0.04403388589265541,
    "Minute_10":  0.0000000000000100807441075532,
    "Minute_10_Fluctuation":  0.02289466667941506,
    "Hour":  0.0000000000000102596606352445,
    "Hour_Fluctuation":  0.0039561094219724962,
    "Day":  0.0000000000000102980906521909,
    "Day_Fluctuation":  0.23809453985727702,
    "Week":  0.0000000000000102995549259255,
    "Week_Fluctuation":  0.46163583706784184,
    "Updated":  "\/Date(1518113477176)\/"
}
