{
    "Live":  0.000000370373025,
    "Minute":  0.000000328192777581536,
    "Minute_Fluctuation":  0.092537760670405256,
    "Minute_5":  0.000000316750241643858,
    "Minute_5_Fluctuation":  0.026106706711874775,
    "Minute_10":  0.000000313603489695599,
    "Minute_10_Fluctuation":  0.013730664205764244,
    "Hour":  0.000000310338042552911,
    "Hour_Fluctuation":  0.0023994167120840694,
    "Day":  0.000000309636636199557,
    "Day_Fluctuation":  0.23802933896075892,
    "Week":  0.000000309609882635092,
    "Week_Fluctuation":  0.46162651705302271,
    "Updated":  "\/Date(1518113477239)\/"
}
